time [s], broadcast time [s], latitude [°], longitude [°], AMSL altitude [ft], GNSS altitude [ft], ground speed [kt], heading [°], vertical speed [ft/min], ECEF pos x [m], ECEF pos y [m], ECEF pos z [m], ECEF vel x [m], ECEF vel y [m], ECEF vel z [m], ENU pos x [m], ENU pos y [m], ENU pos z [m], ENU vel x [m], ENU vel y [m], ENU vel z [m], ENU ground speed est [m/s],  ENU vel_corr x [m], ENU vel_corr y [m], ENU vel_corr z [m], ECEF vel_corr x [m], ECEF vel_corr y [m], ECEF vel_corr z [m]
1719260399.229400, 1719260399.226882, 50.088684, 14.182555, 1650.000000, 2000.000000, 127.000000, 65.444503, -640.000000, 3975704.635032, 1004719.997291, 4869591.438446, -21.568276, 23.677375, 3.600039, -6534.283120, -2567.457846, 188.742675, 28.264220, 13.867709, -6.898509, 31.483003, 58.654226, 28.778424, -6.898509, -40.148887, 50.308347, 13.16215
1719260399.376659, 1719260399.375149, 50.088811, 14.182904, 1650.000000, 2000.000000, 127.000000, 65.444503, -640.000000, 3975687.976992, 1004741.600471, 4869600.520085, -112.351072, 145.703844, 61.251612, -6509.239713, -2553.333730, 188.773904, 168.906644, 95.260878, 0.210621, 193.917738, 56.907256, 32.094861, 0.210621, -37.766013, 49.111957, 20.74377
1719260399.601906, 1719260399.599963, 50.088904, 14.183350, 1650.000000, 2000.000000, 127.000000, 65.444503, -640.000000, 3975672.464336, 1004770.559099, 4869607.165171, -69.002268, 128.811671, 29.558190, -6477.350335, -2543.015395, 188.810427, 141.848019, 45.897270, 0.162460, 149.088631, 62.160886, 20.113182, 0.162460, -30.181573, 56.462506, 13.02307
1719260400.178564, 1719260400.177432, 50.089091, 14.183795, 1650.000000, 2025.000000, 127.000000, 65.444503, -640.000000, 3975653.989247, 1004798.768881, 4869626.300172, -31.993207, 48.850719, 33.135974, -6445.456278, -2522.342820, 196.470890, 55.230759, 35.798583, 13.265580, 65.817743, 54.824727, 35.535407, 13.265580, -31.697398, 48.507010, 32.96720
1719260400.731427, 1719260400.729245, 50.089233, 14.184289, 1625.000000, 1975.000000, 127.000000, 65.037210, -640.000000, 3975624.032062, 1004827.681576, 4869624.799493, -54.288713, 52.395876, -2.719547, -6410.050019, -2506.498516, 181.272740, 64.163579, 28.713206, -27.542241, 70.295186, 59.635031, 26.686681, -27.542241, -51.665225, 48.390515, -4.01914
1719260401.251787, 1719260401.250921, 50.089370, 14.184760, 1625.000000, 2000.000000, 127.000000, 65.037210, -640.000000, 3975609.218910, 1004858.691158, 4869640.390409, -28.395282, 59.442164, 29.886176, -6376.345470, -2491.351456, 188.932397, 64.608136, 29.035348, 14.682772, 70.832638, 59.592587, 26.781326, 14.682772, -25.482552, 55.007876, 28.44069
1719260402.322448, 1719260402.318194, 50.089600, 14.185590, 1625.000000, 1975.000000, 127.000000, 65.037210, -640.000000, 3975570.919524, 1004910.297931, 4869650.936498, -35.885279, 48.353868, 9.881342, -6316.888911, -2465.871640, 181.381342, 55.708862, 23.873759, -7.075093, 60.608858, 60.051884, 25.734939, -7.075093, -38.340072, 52.210710, 11.07490
1719260402.766327, 1719260402.765128, 50.089742, 14.185948, 1600.000000, 1950.000000, 127.000000, 65.037210, -640.000000, 3975548.099787, 1004930.919276, 4869655.280523, -51.058380, 46.139553, 9.719607, -6291.277819, -2450.018074, 173.792713, 57.303939, 35.471811, -16.979297, 67.394293, 55.552013, 34.387348, -16.979297, -49.820014, 44.646874, 9.02415
1719260403.259344, 1719260403.258455, 50.089835, 14.186393, 1600.000000, 1975.000000, 127.000000, 65.037210, -704.000000, 3975537.325466, 1004961.074540, 4869667.770396, -21.840125, 61.126330, 25.317641, -6259.397017, -2439.701378, 181.447977, 64.624090, 20.912494, 15.517629, 67.923527, 62.160238, 20.115186, 15.517629, -20.639760, 58.889378, 24.80633
1719260403.774588, 1719260403.773571, 50.089975, 14.186839, 1600.000000, 1950.000000, 128.000000, 64.632596, -704.000000, 3975513.220288, 1004987.859787, 4869671.892855, -46.795653, 51.998503, 8.002974, -6227.495380, -2424.200137, 173.865051, 61.931009, 30.092735, -14.720820, 68.855084, 59.226606, 28.778646, -14.720820, -45.151695, 49.626192, 7.16026
1719260404.185198, 1719260404.184082, 50.090068, 14.187135, 1600.000000, 1975.000000, 128.000000, 64.632596, -704.000000, 3975505.049659, 1005007.713460, 4869684.382716, -19.903544, 48.363285, 30.425137, -6206.240099, -2413.870700, 181.509650, 51.777584, 25.162371, 18.622144, 57.567900, 59.225140, 28.781662, 18.622144, -24.431129, 54.896216, 32.74615
1719260404.734462, 1719260404.733623, 50.090240, 14.187614, 1575.000000, 1925.000000, 128.000000, 64.632596, -704.000000, 3975472.926165, 1005034.922705, 4869684.985849, -58.455162, 49.512697, 1.097522, -6171.950583, -2394.744089, 166.310062, 62.396675, 34.804719, -27.658710, 71.447278, 57.506967, 32.077251, -27.658710, -55.221400, 45.289931, -0.65158
1719260405.279131, 1719260405.278179, 50.090348, 14.188026, 1575.000000, 1950.000000, 128.000000, 64.632596, -704.000000, 3975461.578185, 1005062.480984, 4869698.472419, -20.838963, 50.606888, 24.766180, -6142.445152, -2382.870338, 173.962941, 54.182557, 21.804465, 14.053431, 58.405344, 61.087396, 24.583151, 14.053431, -24.607655, 56.772884, 26.54812
1719260405.691567, 1719260405.690630, 50.090441, 14.188397, 1575.000000, 1925.000000, 128.000000, 64.632596, -704.000000, 3975442.625550, 1005085.088264, 4869699.272295, -45.951237, 54.812033, 1.939324, -6115.862895, -2372.540923, 166.372282, 64.449484, 25.043980, -18.403782, 69.144320, 61.377280, 23.850174, -18.403782, -44.306038, 52.060520, 1.17374
1719260406.215905, 1719260406.213880, 50.090607, 14.188843, 1575.000000, 1925.000000, 128.000000, 64.632596, -704.000000, 3975421.076938, 1005112.518793, 4869711.122247, -41.182223, 52.423337, 22.646813, -6083.966236, -2354.107266, 166.409560, 60.958698, 35.229135, 0.071242, 70.406355, 57.012295, 32.948437, 0.071242, -38.513262, 49.030233, 21.18422
1719260406.685646, 1719260406.682771, 50.090720, 14.189214, 1575.000000, 1925.000000, 128.000000, 64.632596, -704.000000, 3975405.194884, 1005135.902065, 4869719.206771, -33.871516, 49.869297, 17.241792, -6057.389016, -2341.536384, 166.439434, 56.681002, 26.809808, 0.063713, 62.701689, 59.525490, 28.155236, 0.063713, -35.573317, 52.371441, 18.10460
1719260407.113492, 1719260407.107481, 50.090836, 14.189566, 1550.000000, 1900.000000, 128.000000, 64.632596, -704.000000, 3975384.723205, 1005156.682702, 4869721.612379, -48.201570, 48.929027, 5.664122, -6032.202480, -2328.702082, 158.847953, 59.302931, 30.218992, -17.874513, 66.558434, 58.670227, 29.896585, -17.874513, -47.805827, 48.376849, 5.45736
1719260407.567716, 1719260407.566414, 50.090953, 14.189956, 1550.000000, 1900.000000, 127.000000, 65.037210, -704.000000, 3975368.177242, 1005181.339852, 4869729.973720, -36.053122, 53.727139, 18.219094, -6004.227017, -2315.700986, 158.879033, 60.957635, 28.328971, 0.067721, 67.218776, 59.248309, 27.534592, 0.067721, -35.040969, 52.220865, 17.70966
1719260408.039685, 1719260408.038788, 50.091064, 14.190361, 1550.000000, 1900.000000, 127.000000, 65.037210, -704.000000, 3975351.840496, 1005207.059191, 4869737.947430, -34.584350, 54.446986, 16.880080, -5975.273742, -2303.304997, 158.910659, 61.293123, 26.241897, 0.066951, 66.674464, 60.060739, 25.714267, 0.066951, -33.888146, 53.352466, 16.54171
1719260408.526065, 1719260408.523974, 50.091156, 14.190794, 1550.000000, 1900.000000, 127.000000, 65.037210, -704.000000, 3975336.658263, 1005235.233385, 4869744.481429, -31.291582, 58.068869, 13.467002, -5944.226049, -2293.155206, 158.943270, 63.991339, 20.919389, 0.067214, 67.323936, 62.099793, 20.301024, 0.067214, -30.365387, 56.352702, 13.07045
1719260409.055101, 1719260409.053528, 50.091325, 14.191218, 1525.000000, 1875.000000, 127.000000, 65.037210, -704.000000, 3975310.489235, 1005259.908144, 4869750.707624, -49.417142, 46.595390, 11.757440, -5913.860889, -2274.370889, 151.358165, 57.341045, 35.471980, -14.323580, 67.425935, 55.561898, 34.371374, -14.323580, -48.160061, 45.079384, 11.05163
1719260409.533656, 1719260409.531172, 50.091418, 14.191589, 1525.000000, 1875.000000, 127.000000, 65.037210, -704.000000, 3975296.275034, 1005283.712299, 4869757.352325, -29.758988, 49.836607, 13.911409, -5887.287001, -2264.043209, 151.386376, 55.635349, 21.622131, 0.059062, 59.689267, 60.896597, 23.666863, 0.059062, -32.576666, 54.548604, 15.22267
1719260410.038699, 1719260410.037813, 50.091568, 14.192023, 1525.000000, 1875.000000, 127.000000, 65.037210, -704.000000, 3975276.278425, 1005310.668536, 4869768.039192, -39.468922, 53.205703, 21.093533, -5856.232648, -2247.419786, 151.420789, 61.294486, 32.810993, 0.067924, 69.523918, 57.600415, 30.833554, 0.067924, -37.087682, 49.999772, 19.82541
1719260410.569752, 1719260410.568599, 50.091698, 14.192480, 1525.000000, 1875.000000, 127.000000, 65.037210, -704.000000, 3975257.539078, 1005339.672969, 4869777.286350, -35.304963, 54.644401, 17.421662, -5823.503316, -2233.042030, 151.455748, 61.662116, 27.087717, 0.065863, 67.349544, 59.816668, 26.277025, 0.065863, -34.247117, 53.009294, 16.90177
1719260411.002328, 1719260411.001184, 50.091797, 14.192818, 1525.000000, 1875.000000, 127.000000, 65.037210, -704.000000, 3975243.393603, 1005361.042662, 4869784.373976, -32.699820, 49.399904, 16.384327, -5799.305679, -2222.020854, 151.481602, 55.937209, 25.477439, 0.059766, 61.466017, 59.457161, 27.080654, 0.059766, -34.759854, 52.507889, 17.41245
1719260411.585283, 1719260411.582279, 50.091930, 14.193297, 1500.000000, 1850.000000, 127.000000, 65.444503, -704.000000, 3975219.216434, 1005390.257704, 4869788.052840, -41.606259, 50.275888, 6.330922, -5765.031508, -2207.210227, 143.897753, 58.982094, 25.487467, -13.050975, 64.253392, 59.973939, 25.916066, -13.050975, -42.169515, 51.156031, 6.60577
1719260412.135072, 1719260412.133582, 50.092072, 14.193758, 1500.000000, 1850.000000, 127.000000, 65.444503, -704.000000, 3975199.445148, 1005419.288994, 4869798.130493, -35.862789, 52.659348, 18.279678, -5732.021718, -2191.537603, 143.932851, 59.875880, 28.428297, 0.063664, 66.281892, 59.019492, 28.021695, 0.063664, -35.349288, 51.906320, 18.01892
1719260412.751592, 1719260412.747866, 50.092209, 14.194264, 1500.000000, 1850.000000, 127.000000, 65.444503, -704.000000, 3975179.206101, 1005451.518427, 4869807.931259, -32.947390, 52.466683, 15.954785, -5695.797186, -2176.299745, 143.970457, 58.970352, 24.805893, 0.061220, 63.975267, 60.222678, 25.332684, 0.061220, -33.647886, 53.580688, 16.29261
1719260413.757234, 1719260413.752554, 50.092484, 14.195131, 1475.000000, 1825.000000, 127.000000, 65.444503, -704.000000, 3975136.524712, 1005504.748372, 4869821.687550, -42.482241, 52.981579, 13.692106, -5633.687152, -2145.809830, 136.415841, 61.820234, 30.347652, -7.519367, 68.867419, 58.648282, 28.790535, -7.519367, -40.542288, 50.202129, 12.69354
1719260414.236955, 1719260414.235417, 50.092575, 14.195565, 1475.000000, 1825.000000, 127.000000, 65.444503, -704.000000, 3975121.340254, 1005532.920273, 4869828.221334, -31.446725, 58.343472, 13.531342, -5602.641133, -2135.658088, 136.446542, 64.295716, 21.024066, 0.063580, 67.645771, 62.098317, 20.305538, 0.063580, -30.370638, 56.349843, 13.07055
1719260414.759983, 1719260414.759079, 50.092712, 14.195926, 1475.000000, 1825.000000, 127.000000, 65.444503, -704.000000, 3975103.637245, 1005555.119478, 4869838.021986, -33.806137, 42.392194, 18.715587, -5576.762457, -2120.408583, 136.474266, 49.418609, 29.120860, 0.052944, 57.360469, 56.288059, 33.168814, 0.052944, -38.509944, 48.283772, 21.31150
1719260415.287004, 1719260415.286137, 50.092861, 14.196414, 1475.000000, 1825.000000, 127.000000, 65.444503, -704.000000, 3975082.742819, 1005585.884304, 4869848.653170, -39.643513, 58.370866, 20.170810, -5541.795730, -2103.873761, 136.510160, 66.343238, 31.371928, 0.068103, 73.386804, 59.063222, 27.929405, 0.068103, -35.288683, 51.966861, 17.96314
1719260415.758587, 1719260415.756145, 50.092941, 14.196793, 1450.000000, 1800.000000, 127.000000, 65.037210, -704.000000, 3975064.741245, 1005609.305454, 4869848.511148, -38.300578, 49.831397, -0.302170, -5514.659220, -2095.009565, 128.916549, 57.736286, 18.859675, -16.156348, 60.738506, 62.104517, 20.286567, -16.156348, -40.438645, 53.794831, 0.61288
1719260416.178831, 1719260416.176961, 50.093094, 14.197157, 1450.000000, 1800.000000, 127.000000, 65.037210, -704.000000, 3975045.719805, 1005631.314821, 4869859.419121, -45.201304, 52.301618, 25.920992, -5488.639453, -2078.033633, 128.944504, 61.831669, 40.340492, 0.066431, 73.827573, 54.718077, 35.699411, 0.066431, -39.996247, 46.285645, 22.94470
1719260416.647205, 1719260416.646342, 50.093187, 14.197602, 1450.000000, 1800.000000, 127.000000, 65.037210, -704.000000, 3975030.200304, 1005660.266436, 4869866.063555, -33.063820, 61.680528, 14.155762, -5456.755184, -2067.709300, 128.975164, 67.928458, 21.995677, 0.065319, 71.400876, 62.156516, 20.126684, 0.065319, -30.250908, 56.440356, 12.95719
1719260417.186118, 1719260417.185226, 50.093327, 14.197973, 1450.000000, 1800.000000, 127.000000, 65.037210, -704.000000, 3975012.132513, 1005683.093555, 4869876.030181, -33.528110, 42.359917, 18.494908, -5430.178040, -2052.200892, 129.002812, 49.318779, 28.778703, 0.051306, 57.101276, 56.429338, 32.927886, 0.051306, -38.366639, 48.466009, 21.15574
1719260417.666960, 1719260417.665268, 50.093467, 14.198419, 1425.000000, 1775.000000, 127.000000, 65.037210, -704.000000, 3974988.022402, 1005709.871388, 4869880.151538, -50.225055, 55.782328, 8.585417, -5398.282372, -2036.695285, 121.414802, 66.443563, 32.300554, -15.806987, 73.878772, 58.758635, 28.564640, -15.806987, -45.552223, 49.041415, 6.18960
1719260418.236422, 1719260418.235149, 50.093582, 14.198889, 1425.000000, 1775.000000, 127.000000, 65.037210, -704.000000, 3974970.195199, 1005740.113248, 4869888.401634, -31.282315, 53.066956, 14.476871, -5364.578710, -2023.869315, 121.447266, 59.141558, 22.506392, 0.056966, 63.279235, 61.061855, 23.237163, 0.056966, -32.299185, 54.789721, 14.94550
1719260419.086698, 1719260419.085860, 50.093792, 14.199532, 1425.000000, 1775.000000, 127.000000, 65.037210, -704.000000, 3974941.519686, 1005780.299665, 4869903.406793, -33.707725, 47.238657, 17.638386, -5318.562772, -2000.525810, 121.493094, 54.091190, 27.440015, 0.053870, 60.653205, 58.265467, 29.557591, 0.053870, -36.311572, 50.883460, 18.99637
1719260419.529937, 1719260419.528921, 50.093903, 14.199974, 1425.000000, 1775.000000, 127.000000, 65.037210, -704.000000, 3974924.655581, 1005808.621785, 4869911.269248, -38.062646, 63.923631, 17.745730, -5286.957043, -1988.301419, 121.523142, 71.334806, 27.590711, 0.067819, 76.484651, 60.934835, 23.568235, 0.067819, -32.507311, 54.605706, 15.16614
1719260420.510741, 1719260420.509722, 50.094177, 14.200769, 1400.000000, 1750.000000, 127.000000, 65.037210, -640.000000, 3974883.238049, 1005856.830756, 4869925.024637, -42.228268, 49.152647, 14.024647, -5230.024590, -1957.802017, 113.959423, 58.046889, 31.096418, -7.711777, 65.851565, 57.590560, 30.851957, -7.711777, -41.933974, 48.756653, 13.86787
1719260421.046611, 1719260421.044653, 50.094304, 14.201240, 1400.000000, 1750.000000, 127.000000, 65.037210, -640.000000, 3974864.446893, 1005886.827704, 4869934.105135, -35.128190, 56.076300, 16.975084, -5196.320610, -1943.680381, 113.991236, 63.006225, 26.398989, 0.059472, 68.313184, 60.258371, 25.247666, 0.059472, -33.594552, 53.631087, 16.23674
1719260421.568131, 1719260421.567293, 50.094444, 14.201611, 1400.000000, 1750.000000, 127.000000, 65.037210, -640.000000, 3974846.377656, 1005909.652974, 4869944.071507, -34.573024, 43.673047, 19.069296, -5169.744901, -1928.170712, 114.017499, 50.849001, 29.675640, 0.050250, 58.874991, 56.427398, 32.931210, 0.050250, -38.369288, 48.463333, 21.15706
1719260422.058620, 1719260422.057771, 50.094537, 14.202056, 1375.000000, 1725.000000, 127.000000, 65.037210, -640.000000, 3974826.117011, 1005937.403075, 4869944.870407, -41.307976, 56.577690, 1.628819, -5137.856092, -1917.842205, 106.426327, 65.015805, 21.058052, -15.477096, 68.341030, 62.154971, 20.131453, -15.477096, -39.913590, 53.980472, 1.03459
1719260422.527101, 1719260422.524438, 50.094681, 14.202431, 1375.000000, 1725.000000, 127.000000, 65.037210, -640.000000, 3974807.657949, 1005960.417745, 4869955.113561, -39.555070, 49.317071, 21.949580, -5111.000716, -1901.900991, 106.452636, 57.547142, 34.159689, 0.056377, 66.922029, 56.181472, 33.349034, 0.056377, -38.615544, 48.146923, 21.42971
1719260423.095184, 1719260423.094201, 50.094818, 14.202937, 1375.000000, 1725.000000, 127.000000, 65.037210, -640.000000, 3974787.414188, 1005992.641906, 4869964.913739, -35.530191, 56.557207, 17.200470, -5074.780132, -1886.659008, 106.486029, 63.571402, 26.751481, 0.058608, 68.970754, 60.219240, 25.340857, 0.058608, -33.654740, 53.575397, 16.29584
1719260423.610490, 1719260423.609274, 50.094955, 14.203371, 1375.000000, 1725.000000, 127.000000, 65.037210, -640.000000, 3974768.439240, 1006019.851622, 4869974.713889, -36.839334, 52.826907, 19.026719, -5043.732022, -1871.411899, 106.515101, 60.279040, 29.601837, 0.056443, 67.155279, 58.644140, 28.798970, 0.056443, -35.839219, 51.394367, 18.51184
1719260424.110800, 1719260424.108476, 50.095047, 14.203732, 1375.000000, 1725.000000, 127.000000, 65.037210, -640.000000, 3974754.520042, 1006043.005446, 4869981.247307, -27.882857, 46.381604, 13.087705, -5017.861123, -1861.251919, 106.538440, 51.824435, 20.352413, 0.046753, 55.677579, 60.812476, 23.882183, 0.046753, -32.723690, 54.424400, 15.35131
1719260424.671556, 1719260424.670705, 50.095189, 14.204209, 1350.000000, 1700.000000, 127.000000, 65.037210, -640.000000, 3974729.666090, 1006071.899144, 4869985.534230, -44.206106, 51.391342, 7.624870, -4983.731511, -1845.487294, 98.949726, 60.704121, 28.039512, -13.497552, 66.867066, 59.312244, 27.396598, -13.497552, -43.384852, 50.164062, 7.21257
1719260425.236650, 1719260425.235392, 50.095367, 14.204672, 1350.000000, 1700.000000, 127.000000, 65.037210, -640.000000, 3974706.774291, 1006100.279832, 4869998.268770, -40.538933, 50.259169, 22.551511, -4950.582853, -1825.667305, 98.981197, 58.702734, 35.099085, 0.055731, 68.395590, 56.074922, 33.527884, 0.055731, -38.722669, 48.009725, 21.54391
1719260425.784350, 1719260425.779352, 50.095468, 14.205100, 1350.000000, 1700.000000, 127.000000, 64.440035, -640.000000, 3974690.918074, 1006127.845639, 4870005.466533, -29.149608, 50.676179, 13.232158, -4919.958591, -1814.475571, 99.008041, 56.298755, 20.574560, 0.049349, 59.940490, 61.364465, 22.425840, 0.049349, -31.775222, 55.235273, 14.41936
1719260426.315248, 1719260426.314339, 50.095642, 14.205611, 1350.000000, 1700.000000, 127.000000, 64.440035, -640.000000, 3974667.553309, 1006159.711115, 4870017.868796, -43.673521, 59.563087, 23.182366, -4883.316114, -1795.176226, 99.041608, 68.492279, 36.074419, 0.062744, 77.411601, 57.806146, 30.446105, 0.062744, -36.853515, 50.271631, 19.57297
1719260426.745905, 1719260426.745046, 50.095734, 14.205900, 1350.000000, 1700.000000, 127.000000, 64.440035, -640.000000, 3974654.902530, 1006177.849972, 4870024.402114, -29.372125, 42.114149, 15.168822, -4862.618097, -1785.010776, 99.060244, 48.055912, 23.601777, 0.043269, 53.538907, 58.642945, 28.801404, 0.043269, -35.848922, 51.390665, 18.50329
1719260427.222603, 1719260427.220821, 50.095871, 14.206334, 1325.000000, 1675.000000, 127.000000, 64.440035, -640.000000, 3974631.187413, 1006203.858411, 4870028.356620, -49.845211, 54.665389, 8.311712, -4831.565459, -1769.760335, 91.468045, 65.267452, 32.053878, -15.957534, 72.713764, 58.643312, 28.800658, -15.957534, -45.792858, 48.861198, 6.22544
1719260427.636386, 1719260427.635533, 50.095963, 14.206696, 1325.000000, 1675.000000, 127.000000, 64.440035, -640.000000, 3974617.267069, 1006227.010955, 4870034.889899, -33.566315, 55.828046, 15.753784, -4805.695517, -1759.599350, 91.490362, 62.380544, 24.501320, 0.053815, 67.019751, 60.811372, 23.884994, 0.053815, -32.721118, 54.423915, 15.35853
1719260428.213572, 1719260428.212638, 50.096100, 14.207129, 1325.000000, 1675.000000, 127.000000, 64.440035, -640.000000, 3974598.290370, 1006254.218597, 4870044.689794, -32.882573, 47.145042, 16.981128, -4774.648987, -1744.350711, 91.517823, 53.797018, 26.422640, 0.047583, 59.935591, 58.642417, 28.802479, 0.047583, -35.846910, 51.390632, 18.50729
1719260428.785358, 1719260428.784463, 50.096260, 14.207623, 1325.000000, 1675.000000, 127.000000, 64.440035, -640.000000, 3974576.388571, 1006285.155606, 4870056.095286, -38.301591, 54.102251, 19.945781, -4739.267018, -1726.602814, 91.548990, 61.875542, 31.037299, 0.054505, 69.223527, 58.398776, 29.293324, 0.054505, -36.147534, 51.062748, 18.82738
1719260429.343635, 1719260429.342443, 50.096375, 14.208069, 1300.000000, 1650.000000, 127.000000, 64.440035, -640.000000, 3974554.328203, 1006312.447288, 4870058.444011, -39.536089, 48.911531, 4.209331, -4707.378741, -1713.855402, 83.955995, 57.149442, 22.845623, -13.607993, 61.546577, 60.666164, 24.251441, -13.607993, -41.448540, 52.053730, 5.11087
1719260429.796042, 1719260429.795197, 50.096492, 14.208440, 1300.000000, 1650.000000, 127.000000, 64.440035, -704.000000, 3974538.053396, 1006335.724124, 4870066.859659, -35.946226, 51.411634, 18.587674, -4680.807836, -1700.759982, 83.979018, 58.687257, 28.923902, 0.050851, 65.427718, 58.603087, 28.882419, 0.050851, -35.894626, 51.337909, 18.56107
1719260430.220400, 1719260430.217989, 50.096603, 14.208792, 1300.000000, 1650.000000, 128.000000, 64.632596, -704.000000, 3974522.699202, 1006357.791955, 4870074.776994, -36.316235, 52.195544, 18.726335, -4655.635594, -1688.439980, 84.000680, 59.538195, 29.139665, 0.051235, 66.286626, 59.144512, 28.946985, 0.051235, -36.075891, 51.850466, 18.60277
1719260430.756219, 1719260430.755294, 50.096772, 14.209257, 1300.000000, 1650.000000, 128.000000, 64.632596, -704.000000, 3974500.605190, 1006386.516505, 4870086.791377, -41.120064, 53.460430, 22.360457, -4622.350391, -1669.740117, 84.029766, 61.948448, 34.803076, 0.054133, 71.055361, 57.408775, 32.252655, 0.054133, -38.104260, 49.543398, 20.72489
1719260431.242124, 1719260431.234660, 50.096878, 14.209659, 1300.000000, 1650.000000, 128.000000, 64.632596, -704.000000, 3974484.743640, 1006412.204693, 4870094.376472, -33.088564, 53.587778, 15.823164, -4593.544467, -1657.940811, 84.053614, 60.091645, 24.614373, 0.049750, 64.937455, 60.934538, 24.959634, 0.049750, -33.553124, 54.339333, 16.04457
1719260431.809629, 1719260431.807494, 50.097005, 14.210073, 1275.000000, 1625.000000, 128.000000, 64.632596, -704.000000, 3974462.268672, 1006437.083241, 4870097.555511, -39.234728, 43.430677, 5.549672, -4563.892605, -1643.896102, 76.458493, 51.763488, 24.517958, -13.258863, 57.276426, 59.510325, 28.187274, -13.258863, -43.873302, 50.244186, 7.90277
1719260432.372808, 1719260432.371827, 50.097191, 14.210593, 1275.000000, 1625.000000, 128.000000, 64.632596, -704.000000, 3974437.736991, 1006469.227327, 4870110.843178, -43.470243, 56.959457, 23.545804, -4526.692408, -1623.213934, 76.490250, 65.918908, 36.648890, 0.056273, 75.421771, 57.551676, 31.996966, 0.056273, -37.948030, 49.730598, 20.56256
1719260432.869831, 1719260432.868976, 50.097284, 14.211038, 1275.000000, 1625.000000, 128.000000, 64.632596, -704.000000, 3974422.211033, 1006498.172308, 4870117.486993, -31.229976, 58.221917, 13.363824, -4494.812976, -1612.883940, 76.515372, 64.124472, 20.778457, 0.050532, 67.406915, 62.641774, 20.298014, 0.050532, -30.507144, 56.875884, 13.05571
1719260433.282423, 1719260433.281243, 50.097377, 14.211335, 1275.000000, 1625.000000, 128.000000, 64.632596, -704.000000, 3974409.292937, 1006516.818684, 4870124.130795, -31.334279, 45.228861, 16.115281, -4473.557200, -1602.544872, 76.532893, 51.558250, 25.078561, 0.042500, 57.333999, 59.214851, 28.802824, 0.042500, -35.991463, 51.944525, 18.50362
1719260433.809010, 1719260433.806956, 50.097519, 14.211827, 1250.000000, 1600.000000, 128.000000, 64.632596, -704.000000, 3974384.160939, 1006546.791332, 4870128.416981, -47.805595, 57.013382, 8.153100, -4438.313393, -1586.778079, 68.941408, 67.040078, 29.991285, -14.440375, 73.442830, 60.107658, 26.889973, -14.440375, -43.790195, 50.881691, 6.16425
1719260434.400488, 1719260434.399504, 50.097702, 14.212333, 1250.000000, 1600.000000, 128.000000, 64.632596, -704.000000, 3974360.125249, 1006578.050707, 4870141.483034, -40.563270, 52.754154, 22.050618, -4402.092884, -1566.439483, 68.971489, 61.126696, 34.323955, 0.050766, 70.104257, 57.415775, 32.240193, 0.050766, -38.098812, 49.552007, 20.71431
1719260434.983993, 1719260434.982280, 50.097842, 14.212745, 1250.000000, 1600.000000, 127.000000, 65.037210, -704.000000, 3974341.266709, 1006603.699661, 4870151.503998, -32.359813, 44.011644, 17.195209, -4372.586055, -1550.842062, 68.995559, 50.631463, 26.763983, 0.041302, 57.270025, 57.760581, 30.532461, 0.041302, -36.919822, 50.207744, 19.61190
1719260435.484748, 1719260435.483896, 50.097936, 14.213191, 1250.000000, 1600.000000, 127.000000, 65.037210, -704.000000, 3974325.739714, 1006632.643586, 4870158.147715, -30.953933, 57.701332, 13.244621, -4340.707390, -1540.511160, 69.019795, 63.551899, 20.595231, 0.048315, 66.805744, 62.151724, 20.141477, 0.048315, -30.271295, 56.430225, 12.95363
1719260435.971585, 1719260435.970062, 50.098075, 14.213636, 1225.000000, 1575.000000, 127.000000, 65.037210, -704.000000, 3974301.623096, 1006659.411701, 4870162.267633, -49.605725, 55.059618, 8.474302, -4308.819537, -1524.999800, 61.425101, 65.590464, 31.905481, -15.621607, 72.938801, 58.751713, 28.578875, -15.621607, -45.445889, 49.061325, 6.34097
1719260436.434909, 1719260436.432247, 50.098206, 14.213996, 1225.000000, 1575.000000, 127.000000, 65.037210, -704.000000, 3974284.525074, 1006681.612770, 4870171.568777, -36.993938, 48.035087, 20.124314, -4283.088218, -1510.520852, 61.445844, 55.673270, 31.327208, 0.044882, 63.881977, 56.938607, 32.039210, 0.044882, -37.835366, 49.126662, 20.58091
1719260436.859322, 1719260436.858246, 50.098308, 14.214379, 1225.000000, 1575.000000, 127.000000, 65.037210, -704.000000, 3974269.325629, 1006706.024955, 4870178.876802, -35.679560, 57.305777, 17.155040, -4255.682151, -1499.150179, 61.466836, 64.333690, 26.691803, 0.049278, 69.651102, 60.346060, 25.037350, 0.049278, -33.466116, 53.754245, 16.09405
1719260437.309954, 1719260437.309040, 50.098389, 14.214718, 1225.000000, 1575.000000, 127.000000, 65.037210, -704.000000, 3974256.678278, 1006727.911208, 4870184.634628, -28.055721, 48.550454, 12.772634, -4231.353273, -1490.193535, 61.485090, 53.968950, 19.868596, 0.040493, 57.510074, 61.311013, 22.571566, 0.040493, -31.875911, 55.154501, 14.50602
1719260437.786724, 1719260437.783020, 50.098526, 14.215080, 1225.000000, 1575.000000, 127.000000, 65.037210, -704.000000, 3974238.967854, 1006750.100949, 4870194.433984, -37.365288, 46.815710, 20.674590, -4205.481941, -1474.937558, 61.505715, 54.583096, 32.186919, 0.043514, 63.366491, 56.277780, 33.186252, 0.043514, -38.526237, 48.269020, 21.31545
1719260438.314888, 1719260438.313924, 50.098634, 14.215566, 1200.000000, 1550.000000, 127.000000, 65.037210, -640.000000, 3974216.761102, 1006780.379957, 4870196.283822, -41.828221, 57.032971, 3.484320, -4170.662470, -1462.966374, 53.911289, 65.585300, 22.548697, -14.304718, 69.353264, 61.784289, 21.241882, -14.304718, -39.919295, 53.596529, 2.64627
1719260438.843018, 1719260438.842136, 50.098801, 14.216019, 1200.000000, 1550.000000, 127.000000, 65.037210, -640.000000, 3974194.998055, 1006808.319819, 4870208.186916, -41.201345, 52.895159, 22.534688, -4138.219331, -1444.435539, 53.936604, 61.420669, 35.082189, 0.047927, 70.733716, 56.731794, 32.404002, 0.047927, -38.053747, 48.857703, 20.81718
1719260439.234961, 1719260439.234150, 50.098892, 14.216309, 1200.000000, 1550.000000, 127.000000, 65.037210, -640.000000, 3974182.344052, 1006826.454841, 4870214.719759, -32.279464, 46.261155, 16.664821, -4117.524238, -1434.267270, 53.952267, 52.791718, 25.938533, 0.039954, 58.819835, 58.638175, 28.811115, 0.039954, -35.857027, 51.383681, 18.50698
1719260439.714879, 1719260439.712643, 50.099030, 14.216742, 1200.000000, 1550.000000, 127.000000, 65.037210, -640.000000, 3974163.362875, 1006853.657177, 4870224.519001, -39.668663, 56.850023, 20.479385, -4086.481745, -1419.014716, 53.975605, 64.875546, 31.876233, 0.048774, 72.283682, 58.638008, 28.811454, 0.048774, -35.851757, 51.384850, 18.51396
1719260440.175084, 1719260440.174159, 50.099099, 14.217125, 1200.000000, 1550.000000, 127.000000, 65.037210, -640.000000, 3974150.857982, 1006878.751096, 4870229.501656, -27.095246, 54.372787, 10.796274, -4059.079350, -1411.267950, 53.994787, 59.374725, 16.785472, 0.041563, 61.701784, 62.869839, 17.773554, 0.041563, -28.691737, 57.573072, 11.42992
1719260440.614119, 1719260440.611541, 50.099213, 14.217537, 1175.000000, 1525.000000, 127.000000, 65.037210, -640.000000, 3974129.505512, 1006903.766185, 4870231.738882, -48.818789, 57.192743, 5.115038, -4029.571922, -1398.687748, 46.396230, 67.463711, 28.762490, -17.372806, 73.339165, 60.099757, 25.622940, -17.372806, -44.668557, 50.650073, 3.10167
1719260441.121577, 1719260441.120230, 50.099350, 14.217899, 1175.000000, 1525.000000, 127.000000, 65.037210, -640.000000, 3974111.794009, 1006925.954537, 4870241.538048, -34.817944, 43.618704, 19.263571, -4003.701671, -1383.430828, 46.415819, 50.856723, 29.992633, 0.038508, 59.042055, 56.276277, 33.188802, 0.038508, -38.530874, 48.266289, 21.31324
1719260441.685528, 1719260441.684585, 50.099472, 14.218387, 1175.000000, 1525.000000, 127.000000, 65.037210, -640.000000, 3974093.134471, 1006957.275116, 4870250.229939, -33.063497, 55.498044, 15.401470, -3968.747373, -1369.906681, 46.440541, 61.936757, 23.963915, 0.043806, 66.411076, 60.932134, 23.575217, 0.043806, -32.526761, 54.597971, 15.15220
1719260442.203655, 1719260442.196364, 50.099625, 14.218838, 1175.000000, 1525.000000, 127.000000, 65.037210, -640.000000, 3974072.559669, 1006985.370526, 4870261.136294, -40.202469, 54.897485, 21.310651, -3936.446458, -1352.928064, 46.464144, 63.114900, 33.175646, 0.046119, 71.302974, 57.831267, 30.398363, 0.046119, -36.834539, 50.302379, 19.52960
1719260442.737725, 1719260442.736712, 50.099762, 14.219272, 1175.000000, 1525.000000, 128.000000, 65.224859, -576.000000, 3974053.577308, 1007012.571502, 4870270.935376, -35.129941, 50.339821, 18.134791, -3905.404991, -1337.674475, 46.486408, 57.447272, 28.229243, 0.041202, 64.008431, 59.098564, 29.040678, 0.041202, -36.140469, 51.786625, 18.65515
1719260443.217605, 1719260443.216398, 50.099854, 14.219706, 1164.698163, 1500.000000, 128.000000, 65.224859, -576.000000, 3974033.643437, 1007039.531179, 4870271.622296, -41.555996, 56.202644, 1.432016, -3874.362774, -1327.511238, 38.887424, 64.713488, 21.187227, -15.841546, 68.093569, 62.579691, 20.488621, -15.841546, -40.510404, 54.266884, 0.98400
1719260443.792939, 1719260443.787270, 50.100030, 14.220169, 1164.698163, 1500.000000, 128.000000, 65.629880, -576.000000, 3974010.872320, 1007067.934558, 4870284.244762, -39.888334, 49.754409, 22.110867, -3841.221881, -1307.857155, 38.911492, 58.053148, 34.428203, 0.042159, 67.494216, 56.637480, 33.588646, 0.042159, -38.914989, 48.541275, 21.57246
1719260444.239547, 1719260444.233924, 50.100128, 14.220501, 1164.698163, 1500.000000, 128.000000, 65.629880, -576.000000, 3973996.948168, 1007088.918764, 4870291.220315, -31.174338, 46.980865, 15.617342, -3817.452398, -1296.999500, 38.927952, 53.216733, 24.308855, 0.036853, 58.505906, 59.895362, 27.359584, 0.036853, -35.089551, 52.876170, 17.57374
1719260444.661473, 1719260444.660241, 50.100217, 14.220911, 1164.698163, 1500.000000, 128.000000, 65.629880, -576.000000, 3973982.420608, 1007115.517670, 4870297.531518, -34.076935, 62.392391, 14.804031, -3788.092776, -1287.181390, 38.947412, 68.868134, 23.030096, 0.045646, 72.616839, 62.449027, 20.883491, 0.045646, -30.898025, 56.577552, 13.42743
1719260445.221572, 1719260445.218521, 50.100357, 14.221368, 1164.698163, 1500.000000, 128.000000, 65.629880, -640.000000, 3973962.768491, 1007144.278351, 4870307.551912, -35.201200, 51.516611, 17.948698, -3755.374622, -1271.582906, 38.969851, 58.605302, 27.940264, 0.040194, 64.924878, 59.438859, 28.337665, 0.040194, -35.702230, 52.249253, 18.20354
1719260445.747430, 1719260445.743437, 50.100496, 14.221802, 1164.698163, 1475.000000, 128.000000, 65.224859, -640.000000, 3973938.918584, 1007170.244618, 4870311.615715, -45.435669, 49.467477, 7.741816, -3724.329620, -1256.154165, 31.371076, 59.142807, 29.392785, -14.476177, 66.043981, 58.967591, 29.305706, -14.476177, -45.327716, 49.314145, 7.68597
1719260446.324508, 1719260446.323532, 50.100632, 14.222308, 1164.698163, 1475.000000, 128.000000, 65.224859, -640.000000, 3973918.792639, 1007202.489588, 4870321.303875, -34.694177, 55.585598, 16.700966, -3688.117917, -1241.075564, 31.395029, 62.423664, 25.993297, 0.041292, 67.619267, 60.788789, 25.312533, 0.041292, -33.784866, 54.129984, 16.26439
1719260446.787725, 1719260446.786894, 50.100775, 14.222693, 1164.698163, 1475.000000, 128.000000, 65.224859, -704.000000, 3973900.153727, 1007226.171328, 4870331.545614, -40.225442, 51.108588, 22.103141, -3660.571722, -1225.127717, 31.413951, 59.448637, 34.417738, 0.040836, 68.692949, 56.986823, 32.992473, 0.040836, -38.558624, 48.992409, 21.18913
1719260447.311792, 1719260447.308432, 50.100906, 14.223103, 1164.698163, 1475.000000, 128.000000, 65.224859, -704.000000, 3973882.095135, 1007251.874488, 4870340.901555, -34.625616, 49.283343, 17.939118, -3631.209592, -1210.561874, 31.433484, 56.299065, 27.928606, 0.037453, 62.845777, 58.988830, 29.262933, 0.037453, -36.281014, 51.637639, 18.79481
1719260447.827399, 1719260447.826464, 50.101044, 14.223536, 1164.698163, 1450.000000, 129.000000, 64.822465, -704.000000, 3973858.372879, 1007277.872185, 4870344.854466, -45.793005, 50.185473, 7.630626, -3600.165605, -1195.305115, 23.833924, 59.926740, 29.451365, -14.670049, 66.772727, 59.558805, 29.270542, -14.670049, -45.567826, 49.863106, 7.51466
1719260448.281941, 1719260448.279668, 50.101148, 14.223954, 1164.698163, 1450.000000, 129.000000, 64.822465, -704.000000, 3973842.422953, 1007304.686249, 4870352.272737, -35.193708, 59.165562, 16.368508, -3570.246772, -1183.760070, 23.852862, 66.016271, 25.474284, 0.041787, 70.760774, 61.913143, 23.890973, 0.041787, -33.004690, 55.488639, 15.35314
1719260448.747609, 1719260448.746665, 50.101287, 14.224326, 1164.698163, 1450.000000, 130.000000, 65.009694, -704.000000, 3973824.344690, 1007327.500065, 4870362.237555, -38.711741, 48.852178, 21.338080, -3543.679938, -1168.242519, 23.870511, 56.888672, 33.228382, 0.037792, 65.882064, 57.747965, 33.730290, 0.037792, -39.296829, 49.589990, 21.65995
1719260449.346976, 1719260449.342923, 50.101410, 14.224837, 1164.698163, 1450.000000, 130.000000, 65.009694, -704.000000, 3973805.205435, 1007360.426550, 4870370.984427, -32.098952, 55.221882, 14.669611, -3507.051035, -1154.630200, 23.893196, 61.431306, 22.829580, 0.038046, 65.536212, 62.688300, 23.296714, 0.038046, -32.756238, 56.351698, 14.96918
1719260449.924756, 1719260449.923899, 50.101547, 14.225343, 1164.698163, 1425.000000, 130.000000, 65.009694, -704.000000, 3973780.211641, 1007391.436086, 4870374.937181, -43.020336, 53.374877, 6.803641, -3470.836426, -1139.376166, 16.295710, 62.334062, 26.255866, -13.077103, 67.638049, 61.632876, 25.960518, -13.077103, -42.627831, 52.751213, 6.61423
1719260450.402439, 1719260450.401560, 50.101685, 14.225777, 1164.698163, 1425.000000, 130.000000, 65.009694, -640.000000, 3973761.226265, 1007418.633491, 4870384.735825, -39.746598, 56.938789, 20.513830, -3439.797676, -1124.119940, 16.315199, 64.980787, 31.939483, 0.040803, 72.406031, 60.018939, 29.500625, 0.040803, -36.709663, 52.591509, 18.94981
1719260450.887004, 1719260450.876550, 50.101799, 14.226181, 1164.698163, 1425.000000, 131.000000, 65.194334, -640.000000, 3973744.617206, 1007444.270305, 4870392.929021, -34.967131, 53.973306, 17.249174, -3410.857237, -1111.365090, 16.332947, 60.928444, 26.852846, 0.037364, 66.583411, 61.668030, 27.178802, 0.037364, -35.391865, 54.628394, 17.45820
1719260451.289828, 1719260451.288832, 50.101893, 14.226478, 1164.698163, 1400.000000, 131.000000, 65.194334, -640.000000, 3973726.956525, 1007461.709856, 4870393.726179, -42.836435, 42.300079, 1.933526, -3389.601714, -1101.020484, 8.726049, 51.555819, 25.091107, -18.450725, 57.337302, 60.596350, 29.490939, -18.450725, -48.337196, 50.229144, 4.75510
1719260451.718508, 1719260451.717463, 50.102005, 14.226861, 1164.698163, 1400.000000, 131.000000, 65.194334, -640.000000, 3973710.917570, 1007485.904825, 4870401.753252, -37.419064, 56.447137, 18.727253, -3362.199170, -1088.523330, 8.742670, 63.930444, 29.156001, 0.038777, 70.265028, 61.316100, 27.963708, 0.038777, -35.887880, 54.139063, 17.96264
1719260452.136648, 1719260452.135476, 50.102097, 14.227223, 1164.698163, 1400.000000, 131.000000, 65.194334, -576.000000, 3973696.989240, 1007509.048703, 4870408.285615, -33.320299, 55.366363, 15.627165, -3336.335657, -1078.355355, 8.757953, 61.872458, 24.324523, 0.036559, 66.482204, 62.718835, 24.657268, 0.036559, -33.776412, 56.123662, 15.84055
1719260453.009653, 1719260453.008700, 50.102325, 14.228018, 1164.698163, 1375.000000, 131.000000, 65.194334, -512.000000, 3973659.336661, 1007558.187362, 4870418.770472, -43.119026, 56.272668, 12.007061, -3279.430492, -1052.928854, 1.171655, 65.166726, 29.117951, -8.687685, 71.376167, 61.528837, 27.492461, -8.687685, -41.013350, 53.054600, 10.96464
1719260453.473960, 1719260453.472976, 50.102451, 14.228408, 1164.698163, 1375.000000, 131.000000, 65.194334, -448.000000, 3973642.068560, 1007582.646868, 4870427.738559, -37.193624, 52.683134, 19.316289, -3251.468524, -1038.964278, 1.188234, 60.227059, 30.078189, 0.035708, 67.320101, 60.291060, 30.110152, 0.035708, -37.233172, 52.739112, 19.33678
1719260453.962079, 1719260453.959728, 50.102554, 14.228740, 1164.698163, 1375.000000, 131.000000, 65.194334, -448.000000, 3973627.692200, 1007603.513788, 4870435.101229, -29.535285, 42.869714, 15.126122, -3227.701211, -1027.499913, 1.202140, 48.828379, 23.552782, 0.028569, 54.212029, 60.699158, 29.278752, 0.028569, -36.719992, 53.290769, 18.79813
1719260454.328874, 1719260454.327262, 50.102692, 14.229102, 1164.698163, 1400.000000, 131.000000, 65.194334, -448.000000, 3973614.713991, 1007626.897996, 4870450.745674, -35.311639, 63.624707, 42.566045, -3201.839047, -1012.240422, 8.837591, 70.366832, 41.518648, 20.774848, 81.702443, 58.041547, 34.246342, 20.774848, -26.865001, 53.055717, 37.90237
1719260454.758258, 1719260454.757068, 50.102777, 14.229522, 1164.698163, 1375.000000, 131.000000, 65.194334, -384.000000, 3973595.529963, 1007653.034103, 4870450.989044, -44.634133, 60.809045, 0.566231, -3171.779853, -1002.763414, 1.234077, 69.936617, 22.049488, -17.690564, 73.330146, 64.272930, 20.263851, -17.690564, -41.909896, 55.658016, -0.57888
1719260455.186401, 1719260455.175926, 50.102870, 14.229819, 1164.698163, 1375.000000, 131.000000, 65.194334, -384.000000, 3973582.605979, 1007671.673575, 4870457.632011, -30.855300, 44.500716, 15.859719, -3150.529316, -992.419197, 1.246206, 50.734489, 24.696250, 0.028959, 56.425997, 60.594063, 29.495638, 0.028959, -36.855116, 53.147950, 18.93752
1719260455.747706, 1719260455.746849, 50.103056, 14.230338, 1164.698163, 1375.000000, 132.000000, 65.376435, -320.000000, 3973558.063298, 1007703.804083, 4870470.917907, -42.987702, 56.278148, 23.270893, -3113.339565, -971.727416, 1.267619, 65.139658, 36.242661, 0.037506, 74.543313, 59.339713, 33.015665, 0.037506, -39.158061, 51.267748, 21.20144
1719260456.326443, 1719260456.325380, 50.103195, 14.230837, 1164.698163, 1375.000000, 132.000000, 65.376435, -320.000000, 3973537.813397, 1007735.436909, 4870480.826937, -35.002258, 54.677816, 17.127908, -3077.690546, -956.299191, 1.287219, 61.619866, 26.667919, 0.033879, 67.143025, 62.320152, 26.970990, 0.033879, -35.400285, 55.299148, 17.32226
1719260456.911769, 1719260456.906905, 50.103333, 14.231343, 1164.698163, 1350.000000, 132.000000, 64.983107, -320.000000, 3973512.816637, 1007766.442377, 4870484.779142, -42.984870, 53.317551, 6.796280, -3041.479148, -941.042534, -6.313176, 62.269761, 26.235617, -13.069773, 67.570931, 62.578616, 26.365745, -13.069773, -43.157784, 53.592253, 6.87973
1719260457.360702, 1719260457.359626, 50.103475, 14.231749, 1164.698163, 1350.000000, 132.000000, 64.983107, -320.000000, 3973493.860230, 1007791.625913, 4870494.964890, -41.872194, 55.627098, 22.498970, -3012.399239, -925.178615, -6.297080, 64.233671, 35.041298, 0.035552, 73.170056, 59.612594, 32.520369, 0.035552, -38.858249, 51.625596, 20.88231
1719260457.873041, 1719260457.871879, 50.103568, 14.232194, 1164.698163, 1350.000000, 131.000000, 64.798876, -256.000000, 3973478.324099, 1007820.560557, 4870501.607753, -30.328988, 56.485008, 12.967921, -2980.527316, -914.839712, -6.280645, 62.219040, 20.183177, 0.032085, 65.410776, 64.103248, 20.794393, 0.032085, -31.248058, 58.195416, 13.35988
1719260458.403782, 1719260458.402701, 50.103745, 14.232644, 1164.698163, 1350.000000, 131.000000, 64.798876, -128.000000, 3973455.851500, 1007848.024051, 4870514.173801, -42.335449, 51.737642, 23.672796, -2948.370895, -895.265980, -6.262950, 60.578508, 36.874361, 0.033335, 70.918785, 57.565636, 35.040415, 0.033335, -40.228866, 49.164733, 22.49670
1719260458.910745, 1719260458.909551, 50.103836, 14.233077, 1164.698163, 1350.000000, 130.000000, 64.612094, -256.000000, 3973440.649474, 1007876.177996, 4870520.705913, -29.993146, 55.546899, 12.887664, -2917.337945, -885.098849, -6.247289, 61.227087, 20.059447, 0.030898, 64.429323, 63.553301, 20.821570, 0.030898, -31.133411, 57.657118, 13.37640
1719260459.470846, 1719260459.469846, 50.103973, 14.233439, 1164.698163, 1350.000000, 130.000000, 64.612094, -256.000000, 3973422.931938, 1007898.358750, 4870530.504058, -31.621846, 39.587694, 17.487502, -2891.473570, -869.836659, -6.233434, 46.162137, 27.239602, 0.024728, 53.599802, 57.597124, 33.987221, 0.024728, -39.458813, 49.393134, 21.81469
1719260459.954157, 1719260459.953190, 50.104127, 14.233902, 1164.698163, 1350.000000, 129.000000, 64.422709, -320.000000, 3973402.079461, 1007927.241920, 4870541.464662, -43.142096, 59.756955, 22.676608, -2858.340752, -852.765801, -6.216223, 68.549135, 35.318232, 0.035608, 77.112654, 58.993039, 30.394691, 0.035608, -37.124785, 51.427318, 19.51918
1719260460.501039, 1719260460.499557, 50.104267, 14.234347, 1164.698163, 1350.000000, 129.000000, 64.422709, -320.000000, 3973382.691326, 1007955.198646, 4870551.428818, -35.485527, 51.168363, 18.237097, -2826.466820, -837.247588, -6.199990, 58.337909, 28.402523, 0.029711, 64.884628, 59.666901, 29.049559, 0.029711, -36.294342, 52.333920, 18.65203
1719260460.998800, 1719260460.997655, 50.104385, 14.234812, 1164.698163, 1350.000000, 129.000000, 64.422709, -320.000000, 3973364.692232, 1007984.949443, 4870559.898327, -36.135620, 59.728758, 17.003688, -2793.196680, -824.060191, -6.183644, 66.794315, 26.475487, 0.032816, 71.850065, 61.693125, 24.453512, 0.032816, -33.374327, 55.167573, 15.70701
1719260461.586495, 1719260461.581164, 50.104499, 14.235238, 1164.698163, 1350.000000, 123.000000, 64.476575, -192.000000, 3973347.765350, 1008012.088319, 4870568.035679, -29.008802, 46.509821, 13.945559, -2762.722189, -811.388980, -6.168773, 52.226303, 21.715555, 0.025487, 56.561047, 58.426744, 24.293681, 0.025487, -32.454682, 52.031109, 15.59889
1719260462.034309, 1719260462.032848, 50.104614, 14.235607, 1164.698163, 1350.000000, 123.000000, 64.476575, -192.000000, 3973331.770773, 1008035.282115, 4870576.228368, -35.410988, 51.349608, 18.138099, -2736.300852, -798.629215, -6.155795, 58.495180, 28.249319, 0.028733, 64.959296, 56.979497, 27.517344, 0.028733, -34.492983, 50.019194, 17.66868
1719260462.615492, 1719260462.612725, 50.104752, 14.236041, 1164.698163, 1350.000000, 120.000000, 64.925581, -192.000000, 3973312.780566, 1008062.473972, 4870586.026356, -32.748687, 46.892463, 16.896668, -2705.266289, -783.368768, -6.140689, 53.519226, 26.316701, 0.026050, 59.639554, 55.397660, 27.240373, 0.026050, -33.898679, 48.538164, 17.48901
1719260463.065413, 1719260463.062922, 50.104872, 14.236351, 1164.698163, 1350.000000, 120.000000, 64.925581, -192.000000, 3973297.367489, 1008081.489382, 4870594.606491, -34.236277, 42.237956, 19.058615, -2683.037717, -770.002468, -6.129690, 49.375187, 29.689876, 0.024432, 57.614215, 52.904800, 31.812274, 0.024432, -36.684762, 45.257084, 20.41969
1719260463.550131, 1719260463.549228, 50.104980, 14.236691, 1164.698163, 1350.000000, 116.000000, 65.190592, -192.000000, 3973282.401483, 1008102.780924, 4870602.356273, -30.774879, 43.782195, 15.936020, -2658.713510, -757.931717, -6.118078, 50.018321, 24.821311, 0.023878, 55.838427, 53.455039, 26.526763, 0.023878, -32.890415, 46.790174, 17.02971
1719260463.970922, 1719260463.969064, 50.105058, 14.237094, 1164.698163, 1350.000000, 116.000000, 65.190592, -192.000000, 3973268.902758, 1008129.058648, 4870607.891820, -32.152353, 62.590408, 13.185015, -2629.918820, -749.315318, -6.105145, 68.585519, 20.523236, 0.030804, 71.590339, 57.170334, 17.107405, 0.030804, -26.797818, 52.173843, 10.99447
1719260464.532611, 1719260464.531609, 50.105209, 14.237486, 1164.698163, 1350.000000, 113.000000, 65.013567, -192.000000, 3973249.478380, 1008153.111791, 4870618.686113, -34.529506, 42.757772, 19.188340, -2601.819026, -732.499306, -6.091689, 49.951252, 29.892776, 0.023920, 58.212590, 49.881859, 29.851248, 0.023920, -34.481516, 42.698377, 19.16170
1719260464.985854, 1719260464.985075, 50.105291, 14.237762, 1164.698163, 1350.000000, 113.000000, 65.013567, -192.000000, 3973237.892651, 1008170.502495, 4870624.498410, -25.549268, 38.350610, 12.817488, -2582.108661, -723.446684, -6.082662, 43.466008, 19.963168, 0.019908, 47.831182, 52.826498, 24.262275, 0.019908, -31.054017, 46.608811, 15.57446
1719260465.501574, 1719260465.499330, 50.105384, 14.238133, 1164.698163, 1325.000000, 113.000000, 65.013567, -192.000000, 3973218.922617, 1008193.084571, 4870625.294765, -36.888394, 43.912230, 1.548562, -2555.546541, -713.101820, -13.690820, 51.651671, 20.116223, -14.794531, 55.430655, 54.168591, 21.096460, -14.794531, -38.237872, 46.166005, 2.17718
1719260465.937620, 1719260465.936602, 50.105484, 14.238498, 1164.698163, 1325.000000, 113.000000, 65.013567, -192.000000, 3973204.215098, 1008216.315544, 4870632.435552, -33.634672, 53.126987, 16.330288, -2529.406508, -701.980733, -13.679187, 59.779725, 25.432851, 0.026605, 64.964956, 53.491890, 22.757737, 0.026605, -30.095123, 47.539352, 14.61476
1719260466.518106, 1719260466.516993, 50.105621, 14.238859, 1164.698163, 1325.000000, 107.000000, 65.336185, -192.000000, 3973186.495427, 1008238.493664, 4870642.233351, -30.530566, 38.212367, 16.881372, -2503.544158, -686.716679, -13.667341, 44.560206, 26.299597, 0.020410, 51.742447, 47.404409, 27.978256, 0.020410, -32.480091, 40.651192, 17.95788
1719260466.949961, 1719260466.944751, 50.105710, 14.239172, 1164.698163, 1325.000000, 107.000000, 65.336185, -192.000000, 3973173.678509, 1008258.311116, 4870648.543784, -29.963013, 46.328655, 14.752343, -2481.178406, -676.888181, -13.657567, 52.285997, 22.976772, 0.022848, 57.111799, 50.393911, 22.145306, 0.022848, -28.878220, 44.652280, 14.21913
1719260467.418708, 1719260467.416041, 50.105804, 14.239510, 1164.698163, 1325.000000, 105.000000, 65.376435, -192.000000, 3973159.901126, 1008279.759173, 4870655.297040, -29.233353, 45.509268, 14.329306, -2456.995579, -666.369974, -13.647116, 51.312003, 22.317914, 0.022175, 55.955437, 49.533693, 21.544446, 0.022175, -28.219741, 43.932183, 13.83328
1719260467.987881, 1719260467.983659, 50.105896, 14.239914, 1164.698163, 1325.000000, 105.000000, 65.376435, -192.000000, 3973145.211507, 1008305.877978, 4870661.828866, -25.879425, 46.014786, 11.507440, -2428.061279, -656.199045, -13.635003, 50.974981, 17.918627, 0.021340, 54.032637, 50.959474, 17.913176, 0.021340, -25.871549, 46.000789, 11.50394
1719260469.338898, 1719260469.337885, 50.106171, 14.240739, 1164.698163, 1325.000000, 103.000000, 65.418426, -192.000000, 3973107.983169, 1008357.276674, 4870681.424270, -27.490494, 37.954301, 14.469819, -2369.070447, -625.673056, -13.609794, 43.560556, 22.541283, 0.018615, 49.047237, 47.059880, 24.352079, 0.018615, -29.699801, 41.003024, 15.63106
1719260469.817365, 1719260469.814560, 50.106262, 14.241100, 1164.698163, 1325.000000, 101.000000, 64.949022, -128.000000, 3973094.049370, 1008380.414803, 4870687.956046, -29.231218, 48.540654, 13.702780, -2343.211158, -615.500303, -13.599271, 54.249279, 21.341056, 0.022077, 58.296011, 48.351643, 19.020992, 0.022077, -26.051895, 43.264003, 12.21494
1719260470.310314, 1719260470.309517, 50.106365, 14.241425, 1164.698163, 1311.000000, 101.000000, 64.949022, -128.000000, 3973077.405202, 1008400.197467, 4870692.342748, -33.627507, 39.968451, 8.862793, -2319.935485, -604.052916, -17.449684, 47.025649, 23.128044, -7.779290, 52.405325, 46.624639, 22.930820, -7.779290, -33.381978, 39.617133, 8.73631
1719260470.712912, 1719260470.710602, 50.106445, 14.241678, 1164.698163, 1311.000000, 101.000000, 64.949022, -128.000000, 3973066.326006, 1008416.057575, 4870698.058026, -27.623085, 39.543044, 14.249557, -2301.833354, -595.149613, -17.442301, 45.132943, 22.198064, 0.018407, 50.296487, 46.624276, 22.931558, 0.018407, -28.536216, 40.849573, 14.71994
1719260471.295310, 1719260471.294181, 50.106560, 14.242058, 1164.698163, 1311.000000, 101.000000, 64.949022, -128.000000, 3973050.180426, 1008439.967732, 4870706.222693, -27.666449, 40.971530, 13.990662, -2274.680541, -582.431053, -17.431405, 46.528022, 21.794039, 0.018672, 51.379344, 47.052439, 22.039680, 0.018672, -27.978408, 41.433287, 14.14818
1719260471.898644, 1719260471.897832, 50.106664, 14.242401, 1164.698163, 1311.000000, 101.000000, 64.949022, -128.000000, 3973035.505145, 1008461.583514, 4870713.667746, -24.310897, 35.808449, 12.333386, -2250.113784, -570.833248, -17.421659, 40.697000, 19.212786, 0.016145, 45.004188, 46.985686, 22.181633, 0.016145, -28.069078, 41.341340, 14.23728
1719260472.403313, 1719260472.402068, 50.106766, 14.242744, 1164.698163, 1311.000000, 101.000000, 64.949022, -128.000000, 3973021.054372, 1008483.256174, 4870720.919046, -28.658736, 42.981164, 14.380759, -2225.547259, -559.537403, -17.412056, 48.720270, 22.401892, 0.019046, 53.623777, 47.207216, 21.706180, 0.019046, -27.768344, 41.646437, 13.93460
1719260472.878664, 1719260472.874570, 50.106850, 14.243014, 1164.698163, 1311.000000, 101.000000, 64.949022, -128.000000, 3973009.322090, 1008500.139719, 4870726.952558, -24.830109, 35.732204, 12.769278, -2206.292262, -550.137994, -17.404561, 40.751123, 19.892835, 0.015861, 45.347314, 46.692176, 22.792985, 0.015861, -28.451496, 40.941189, 14.62912
1719260473.315855, 1719260473.314694, 50.106926, 14.243287, 1164.698163, 1311.000000, 101.000000, 64.949022, -128.000000, 3972998.259056, 1008517.481451, 4870732.349499, -25.136160, 39.401897, 12.262310, -2186.758233, -541.731153, -17.397128, 44.382986, 19.101061, 0.016890, 48.318734, 47.726225, 20.539888, 0.016890, -27.030383, 42.369724, 13.18501
1719260473.851310, 1719260473.850408, 50.107037, 14.243626, 1164.698163, 1311.000000, 101.000000, 64.949022, -128.000000, 3972983.138623, 1008538.695470, 4870740.237319, -28.224853, 39.599565, 14.723955, -2162.471080, -529.442380, -17.387831, 45.336090, 22.939080, 0.017353, 50.809078, 46.361646, 23.457990, 0.017353, -28.863577, 40.495292, 15.05672
1719260474.327694, 1719260474.326842, 50.107109, 14.243901, 1164.698163, 1311.000000, 101.000000, 64.949022, -128.000000, 3972972.297748, 1008556.237634, 4870745.412827, -22.754178, 36.819678, 10.863000, -2142.797581, -521.380660, -17.380540, 41.293191, 16.920941, 0.015303, 44.625619, 48.078432, 19.701367, 0.015303, -26.494677, 42.869440, 12.64606
1719260475.454172, 1719260475.451711, 50.107304, 14.244533, 1164.698163, 1311.000000, 101.000000, 64.949022, -128.000000, 3972945.071249, 1008596.005998, 4870759.292559, -24.204158, 35.353786, 12.338980, -2097.544054, -499.757293, -17.363796, 40.230055, 19.223015, 0.014886, 44.586788, 46.881397, 22.401208, 0.014886, -28.207426, 41.198532, 14.37712
1719260475.957814, 1719260475.955619, 50.107397, 14.244869, 1164.698163, 1311.000000, 101.000000, 64.949022, -128.000000, 3972931.406497, 1008617.336841, 4870765.976398, -27.117533, 42.330794, 13.263996, -2073.502592, -489.345182, -17.355143, 47.709984, 20.662706, 0.017172, 51.992211, 47.678995, 20.649285, 0.017172, -27.099912, 42.303301, 13.25538
1719260476.401466, 1719260476.400636, 50.107467, 14.245092, 1164.698163, 1311.000000, 101.000000, 64.949022, -128.000000, 3972921.709786, 1008631.312232, 4870770.958133, -21.789559, 31.404216, 11.194498, -2057.567855, -481.583768, -17.349402, 35.807079, 17.440738, 0.012901, 39.828711, 46.712030, 22.752268, 0.012901, -28.427953, 40.967665, 14.60073
1719260476.893719, 1719260476.892651, 50.107567, 14.245401, 1164.698163, 1311.000000, 101.000000, 64.949022, -128.000000, 3972908.028867, 1008650.620211, 4870778.070931, -27.805879, 39.242635, 14.456455, -2035.482822, -470.501857, -17.341502, 44.886878, 22.523506, 0.016056, 50.220913, 46.439859, 23.302767, 0.016056, -28.768243, 40.600251, 14.95618
1719260477.499868, 1719260477.499134, 50.107653, 14.245723, 1164.698163, 1311.000000, 101.000000, 64.949022, -128.000000, 3972895.198212, 1008671.153264, 4870784.242724, -21.155828, 33.855929, 10.176363, -2012.420173, -460.887432, -17.333496, 38.026854, 15.852747, 0.013201, 41.198922, 47.957953, 19.992854, 0.013201, -26.683030, 42.697205, 12.83137
1719260478.034836, 1719260478.032304, 50.107750, 14.246033, 1164.698163, 1311.000000, 101.000000, 64.949022, -128.000000, 3972881.748015, 1008690.627776, 4870791.134086, -25.226869, 36.525930, 12.925273, -1990.230634, -450.150598, -17.325780, 41.618169, 20.137748, 0.014472, 46.234197, 46.770904, 22.630997, 0.014472, -28.351314, 41.047912, 14.52417
1719260478.575690, 1719260478.574705, 50.107840, 14.246335, 1164.698163, 1311.000000, 101.000000, 64.949022, -128.000000, 3972869.012920, 1008709.707020, 4870797.527265, -23.479112, 35.175527, 11.786810, -1968.600474, -440.190224, -17.318385, 39.878535, 18.363485, 0.013634, 43.903475, 47.195044, 21.732632, 0.013634, -27.788376, 41.628781, 13.94741
1719260479.066725, 1719260479.062738, 50.107921, 14.246614, 1164.698163, 1311.000000, 101.000000, 64.949022, -128.000000, 3972857.372942, 1008727.297970, 4870803.339235, -23.850798, 36.044588, 11.908968, -1948.682670, -431.135355, -17.311662, 40.812408, 18.553803, 0.013776, 44.831866, 47.300039, 21.503157, 0.013776, -27.643536, 41.773970, 13.80036
1719260479.516451, 1719260479.513897, 50.108002, 14.246846, 1164.698163, 1311.000000, 101.000000, 64.949022, -128.000000, 3972846.605287, 1008741.721996, 4870809.095843, -23.866663, 31.971066, 12.759607, -1932.049099, -422.165531, -17.306012, 36.868554, 19.881746, 0.012524, 41.887636, 45.732648, 24.661800, 0.012524, -29.606659, 39.657209, 15.82501
1719260479.987874, 1719260479.981281, 50.108070, 14.247063, 1164.698163, 1311.000000, 101.000000, 64.949022, -128.000000, 3972837.107545, 1008755.314934, 4870813.994488, -20.321044, 29.082983, 10.480972, -1916.534065, -414.533003, -17.300840, 33.195434, 16.330294, 0.011067, 36.994802, 46.622306, 22.935563, 0.011067, -28.543270, 40.845745, 14.71687
1719260480.423194, 1719260480.421990, 50.108139, 14.247334, 1164.698163, 1311.000000, 101.000000, 64.949022, -128.000000, 3972826.655330, 1008772.666596, 4870818.893126, -23.716838, 39.372185, 11.115366, -1897.141013, -406.901809, -17.294562, 44.004248, 17.315735, 0.014245, 47.288566, 48.349786, 19.025711, 0.014245, -26.059814, 43.260072, 12.21195
1719260480.840833, 1719260480.839992, 50.108208, 14.247551, 1164.698163, 1311.000000, 101.000000, 64.949022, -128.000000, 3972817.157471, 1008786.259407, 4870823.791757, -22.722034, 32.518521, 11.719153, -1881.626073, -399.269180, -17.289492, 37.116892, 18.259786, 0.012128, 41.365244, 46.622130, 22.935921, 0.012128, -28.542834, 40.845674, 14.71791
1719260481.410111, 1719260481.407454, 50.108293, 14.247839, 1164.698163, 1311.000000, 101.000000, 64.949022, -128.000000, 3972805.000743, 1008804.403708, 4870829.908116, -21.422983, 31.974479, 10.778449, -1861.044593, -389.739532, -17.282876, 36.269355, 16.793456, 0.011659, 39.968567, 47.149530, 21.831201, 0.011659, -27.851678, 41.565712, 14.00911
1719260481.917358, 1719260481.916373, 50.108379, 14.248129, 1164.698163, 1311.000000, 101.000000, 64.949022, -128.000000, 3972792.776285, 1008822.747011, 4870836.038303, -24.020450, 36.043676, 12.045512, -1840.253555, -380.188301, -17.276279, 40.853353, 18.767694, 0.012963, 44.958011, 47.214644, 21.690019, 0.012963, -27.761938, 41.655731, 13.91957
1719260482.344943, 1719260482.342937, 50.108437, 14.248328, 1164.698163, 1311.000000, 101.000000, 64.949022, -128.000000, 3972784.543088, 1008835.327095, 4870840.120476, -19.301201, 29.491670, 9.569895, -1826.031889, -373.828083, -17.271824, 33.340055, 14.910348, 0.010445, 36.522291, 47.431232, 21.212207, 0.010445, -27.461599, 41.955628, 13.61122
1719260482.808934, 1719260482.807339, 50.108517, 14.248599, 1164.698163, 1311.000000, 101.000000, 64.949022, -128.000000, 3972773.143805, 1008852.437971, 4870845.835509, -24.546118, 36.844913, 12.306203, -1806.638683, -364.923541, -17.265796, 41.759461, 19.174184, 0.012979, 45.951082, 47.218833, 21.680898, 0.012979, -27.756178, 41.661519, 13.91373
1719260483.279102, 1719260483.278203, 50.108584, 14.248822, 1164.698163, 1311.000000, 101.000000, 64.949022, -128.000000, 3972763.614083, 1008866.491030, 4870850.664913, -20.238807, 29.845273, 10.256476, -1790.669847, -357.398684, -17.260876, 33.913915, 15.980963, 0.010450, 37.490597, 47.001496, 22.148111, 0.010450, -28.051589, 41.362103, 14.21141
1719260483.757707, 1719260483.748259, 50.108654, 14.249051, 1164.698163, 1311.000000, 101.000000, 64.949022, -128.000000, 3972753.829258, 1008880.875767, 4870855.632688, -20.816316, 30.602203, 10.568484, -1774.316677, -349.658140, -17.255885, 34.789866, 16.467294, 0.010616, 38.490344, 46.963134, 22.229339, 0.010616, -28.102429, 41.309585, 14.26363
1719260484.210324, 1719260484.209357, 50.108734, 14.249304, 1164.698163, 1311.000000, 101.000000, 64.949022, -128.000000, 3972742.747940, 1008896.733507, 4870861.347695, -24.032459, 34.391262, 12.394346, -1756.216317, -340.752985, -17.250404, 39.254913, 19.312936, 0.011888, 43.748574, 46.621498, 22.937206, 0.011888, -28.543782, 40.844781, 14.71856
1719260484.845082, 1719260484.842148, 50.108817, 14.249583, 1164.698163, 1311.000000, 101.000000, 64.949022, -128.000000, 3972730.961489, 1008914.358597, 4870867.270260, -18.626120, 27.852917, 9.359425, -1736.229313, -331.524732, -17.244456, 31.585448, 14.583401, 0.009399, 34.789597, 47.173026, 21.780383, 0.009399, -27.821088, 41.597739, 13.97478
1719260485.300449, 1719260485.299429, 50.108887, 14.249824, 1164.698163, 1311.000000, 101.000000, 64.949022, -128.000000, 3972720.936834, 1008929.619459, 4870872.251848, -21.922315, 33.373059, 10.893936, -1718.967933, -323.762737, -17.239391, 37.747873, 16.974239, 0.011076, 41.388727, 47.387797, 21.309062, 0.011076, -27.522520, 41.895311, 13.67382
1719260485.868442, 1719260485.867580, 50.108963, 14.250081, 1164.698163, 1311.000000, 101.000000, 64.949022, -128.000000, 3972710.132059, 1008945.799569, 4870877.676237, -19.017427, 28.478527, 9.547437, -1700.623338, -315.310581, -17.234060, 32.288224, 14.876597, 0.009384, 35.550563, 47.190413, 21.742687, 0.009384, -27.797353, 41.621718, 13.95060
1719260486.309117, 1719260486.308343, 50.109043, 14.250334, 1164.698163, 1311.000000, 101.000000, 64.949022, -128.000000, 3972699.050454, 1008961.656990, 4870883.391208, -25.141907, 35.977264, 12.966108, -1682.523217, -306.405175, -17.228835, 41.065494, 20.204555, 0.011854, 45.766788, 46.621123, 22.937969, 0.011854, -28.544278, 40.844267, 14.71902
1719260486.908971, 1719260486.905557, 50.109120, 14.250585, 1164.698163, 1311.000000, 101.000000, 64.949022, -128.000000, 3972688.283401, 1008977.486100, 4870888.857091, -18.028782, 26.504890, 9.152293, -1664.528088, -297.888054, -17.223719, 30.131759, 14.261405, 0.008566, 33.336325, 46.963760, 22.228016, 0.008566, -28.102874, 41.310118, 14.26121
1719260487.327139, 1719260487.326311, 50.109180, 14.250803, 1164.698163, 1311.000000, 101.000000, 64.949022, -128.000000, 3972679.416835, 1008991.346717, 4870893.188279, -21.073065, 32.942369, 10.293884, -1648.909260, -291.139421, -17.219358, 37.121091, 16.039399, 0.010364, 40.438073, 47.696486, 20.608850, 0.010364, -27.078388, 42.326825, 13.22423
1719260487.745418, 1719260487.742490, 50.109248, 14.251012, 1164.698163, 1311.000000, 101.000000, 64.949022, -128.000000, 3972670.176674, 1009004.391485, 4870897.989941, -22.202387, 31.344152, 11.537500, -1633.988981, -283.656924, -17.215189, 35.850655, 17.979048, 0.010018, 40.106304, 46.445170, 23.292181, 0.010018, -28.765432, 40.606445, 14.94476
1719260488.317324, 1719260488.313993, 50.109318, 14.251273, 1164.698163, 1311.000000, 101.000000, 64.949022, -128.000000, 3972659.782973, 1009021.036183, 4870902.985323, -18.186589, 29.124395, 8.740770, -1615.295495, -275.873455, -17.210095, 32.709304, 13.619281, 0.008913, 35.431390, 47.966631, 19.972025, 0.008913, -26.672347, 42.708877, 12.81473
1719260488.837813, 1719260488.836938, 50.109386, 14.251508, 1164.698163, 1311.000000, 101.000000, 64.949022, -128.000000, 3972649.965951, 1009035.880819, 4870907.883834, -18.772565, 28.386601, 9.367161, -1598.488684, -268.240393, -17.205544, 32.138763, 14.596296, 0.008704, 35.298044, 47.308003, 21.485631, 0.008704, -27.635619, 41.784201, 13.78523
1719260489.409437, 1719260489.408478, 50.109467, 14.251779, 1164.698163, 1311.000000, 101.000000, 64.949022, -128.000000, 3972638.565720, 1009052.990667, 4870913.598755, -19.946544, 29.936440, 9.999177, -1579.096241, -259.335022, -17.200354, 33.930209, 15.581382, 0.009080, 37.336825, 47.217745, 21.683266, 0.009080, -27.760095, 41.659400, 13.91226
1719260489.889116, 1719260489.887906, 50.109527, 14.251977, 1164.698163, 1311.000000, 101.000000, 64.949022, -128.000000, 3972630.076151, 1009065.432887, 4870917.916074, -17.707683, 25.952189, 9.005136, -1564.944973, -252.607286, -17.196603, 29.516951, 14.032824, 0.007824, 32.682879, 46.925326, 22.309040, 0.007824, -28.154109, 41.257424, 14.31260
1719260490.417083, 1719260490.416318, 50.109604, 14.252231, 1164.698163, 1311.000000, 101.000000, 64.949022, -128.000000, 3972619.249592, 1009081.426731, 4870923.395740, -20.488846, 30.267733, 10.370058, -1546.775524, -244.068242, -17.191847, 34.384982, 16.159811, 0.009000, 37.992980, 47.024215, 22.099835, 0.009000, -28.022193, 41.393024, 14.17934
1719260490.905133, 1719260490.903226, 50.109661, 14.252448, 1164.698163, 1311.000000, 101.000000, 64.949022, -128.000000, 3972610.697255, 1009095.258712, 4870927.477809, -17.564603, 28.407822, 8.383665, -1531.261922, -237.707613, -17.187871, 31.861497, 13.063322, 0.008166, 34.435525, 48.074588, 19.710744, 0.008166, -26.505137, 42.862813, 12.64660
1719260491.384434, 1719260491.383590, 50.109725, 14.252645, 1164.698163, 1311.000000, 101.000000, 64.949022, -128.000000, 3972601.943367, 1009107.597623, 4870932.030348, -18.223435, 25.686568, 9.477263, -1517.145603, -230.612938, -17.184244, 29.386693, 14.769364, 0.007551, 32.889388, 46.424905, 23.332545, 0.007551, -28.791984, 40.578781, 14.96875
1719260491.855773, 1719260491.852842, 50.109787, 14.252845, 1164.698163, 1311.000000, 101.000000, 64.949022, -128.000000, 3972593.282239, 1009120.176333, 4870936.458344, -18.457304, 26.805868, 9.436283, -1502.819759, -223.712473, -17.180613, 30.529100, 14.705239, 0.007737, 33.886133, 46.811019, 22.547904, 0.007737, -28.303602, 41.101444, 14.46571
1719260492.426309, 1719260492.425492, 50.109867, 14.253116, 1164.698163, 1311.000000, 101.000000, 64.949022, -128.000000, 3972581.881609, 1009137.285748, 4870942.173218, -19.908574, 29.877653, 9.979711, -1483.427637, -214.806755, -17.175777, 33.863874, 15.551785, 0.008446, 37.264192, 47.217288, 21.684262, 0.008446, -27.761116, 41.658668, 13.91241
1719260493.026411, 1719260493.025633, 50.109936, 14.253369, 1164.698163, 1311.000000, 101.000000, 64.949022, -128.000000, 3972571.745850, 1009153.382717, 4870947.071674, -16.888948, 26.821955, 8.162167, -1465.328568, -207.173632, -17.171349, 30.158002, 12.718872, 0.007378, 32.730334, 47.874938, 20.190834, 0.007378, -26.813401, 42.578377, 12.95387
1719260493.526366, 1719260493.525461, 50.110004, 14.253554, 1164.698163, 1311.000000, 101.000000, 64.949022, -128.000000, 3972562.821712, 1009164.777060, 4870951.956285, -17.854415, 22.796524, 9.772582, -1452.085680, -199.560706, -17.168083, 26.494884, 15.231088, 0.006533, 30.560840, 45.045648, 25.895348, 0.006533, -30.358277, 38.757105, 16.61148
1719260493.986140, 1719260493.981020, 50.110062, 14.253777, 1164.698163, 1311.000000, 101.000000, 64.949022, -128.000000, 3972554.085609, 1009178.994657, 4870956.107507, -19.176685, 31.209155, 9.112379, -1436.153058, -193.092031, -17.164284, 34.973819, 14.199437, 0.008340, 37.746417, 48.141922, 19.545712, 0.008340, -26.398911, 42.959316, 12.54090
1719260494.467753, 1719260494.465278, 50.110109, 14.253944, 1164.698163, 1311.000000, 101.000000, 64.949022, -128.000000, 3972547.292812, 1009189.596677, 4870959.428481, -14.027208, 21.893298, 6.857852, -1424.203531, -187.916845, -17.161455, 24.675919, 10.686823, 0.005841, 26.890689, 47.679041, 20.649179, 0.005841, -27.106886, 42.301574, 13.24662
1719260494.886843, 1719260494.885986, 50.110176, 14.254128, 1164.698163, 1311.000000, 101.000000, 64.949022, -128.000000, 3972538.498080, 1009200.951693, 4870964.216213, -20.904614, 26.990275, 11.380186, -1411.030661, -180.454834, -17.158318, 31.311215, 17.736805, 0.007458, 35.985920, 45.208845, 25.609369, 0.007458, -30.185282, 38.969513, 16.42879
1719260495.224113, 1719260495.223391, 50.110222, 14.254291, 1164.698163, 1311.000000, 101.000000, 64.949022, -128.000000, 3972531.846821, 1009211.265203, 4870967.481830, -19.712973, 30.567134, 9.678621, -1399.395633, -175.365816, -17.155617, 34.483843, 15.082810, 0.008003, 37.638101, 47.604068, 20.821436, 0.008003, -27.215149, 42.196669, 13.35875
1719260495.638607, 1719260495.637722, 50.110268, 14.254454, 1164.698163, 1311.000000, 101.000000, 64.949022, -128.000000, 3972525.195532, 1009221.578683, 4870970.747444, -16.053100, 24.891917, 7.881664, -1387.760627, -170.276772, -17.152942, 28.081463, 12.282572, 0.006456, 30.650125, 47.604015, 20.821556, 0.006456, -27.216187, 42.196351, 13.35764
1719260496.106267, 1719260496.105476, 50.110336, 14.254670, 1164.698163, 1311.000000, 101.000000, 64.949022, -128.000000, 3972515.695975, 1009235.169602, 4870975.645859, -20.308868, 29.055690, 10.472200, -1372.247102, -162.642660, -17.149393, 33.165982, 16.320778, 0.007588, 36.964174, 46.619537, 22.941191, 0.007588, -28.548935, 40.841447, 14.71781
1719260496.572564, 1719260496.571498, 50.110388, 14.254835, 1164.698163, 1311.000000, 101.000000, 64.949022, -128.000000, 3972508.496750, 1009245.488002, 4870979.354259, -15.448259, 22.141455, 7.957568, -1360.472231, -156.863141, -17.146731, 25.266784, 12.401822, 0.005713, 28.146325, 46.642776, 22.893907, 0.005713, -28.520669, 40.872617, 14.68605
1719260496.996927, 1719260496.996039, 50.110451, 14.255032, 1164.698163, 1311.000000, 101.000000, 64.949022, -128.000000, 3972499.863266, 1009257.821003, 4870983.809868, -20.336032, 29.050183, 10.495116, -1346.391326, -149.919041, -17.143582, 33.167342, 16.356716, 0.007417, 36.981276, 46.599890, 22.981074, 0.007417, -28.573854, 40.814834, 14.74326
1719260497.414607, 1719260497.412681, 50.110497, 14.255176, 1164.698163, 1311.000000, 101.000000, 64.949022, -128.000000, 3972493.530141, 1009266.881517, 4870987.075467, -15.200408, 21.746537, 7.837905, -1336.049050, -144.829558, -17.141294, 24.822949, 12.215491, 0.005492, 27.665809, 46.619338, 22.941596, 0.005492, -28.550490, 40.840845, 14.71646
1719260497.845158, 1719260497.844291, 50.110551, 14.255355, 1164.698163, 1311.000000, 101.000000, 64.949022, -128.000000, 3972485.865310, 1009278.090820, 4870990.977576, -17.758673, 25.970871, 9.040810, -1323.295981, -138.748129, -17.138505, 29.547628, 14.090084, 0.006461, 32.735192, 46.899028, 22.364273, 0.006461, -28.189543, 41.221273, 14.34697
1719260498.251665, 1719260498.248838, 50.110598, 14.255522, 1164.698163, 1311.000000, 101.000000, 64.949022, -128.000000, 3972479.072224, 1009288.692527, 4870994.298516, -16.791826, 26.206353, 8.209031, -1311.346684, -133.572689, -17.135932, 29.537458, 12.793165, 0.006361, 32.188919, 47.678527, 20.650364, 0.006361, -27.107318, 42.300934, 13.24778
1719260498.837707, 1719260498.836948, 50.110657, 14.255718, 1164.698163, 1311.000000, 101.000000, 64.949022, -128.000000, 3972470.727412, 1009301.098742, 4870998.505037, -14.189204, 21.095060, 7.152608, -1297.266000, -127.016838, -17.132924, 23.942265, 11.147322, 0.005114, 26.410128, 47.103246, 21.930884, 0.005114, -27.918460, 41.500964, 14.06801
1719260499.432454, 1719260499.431465, 50.110725, 14.255935, 1164.698163, 1311.000000, 101.000000, 64.949022, -128.000000, 3972461.227553, 1009314.689322, 4871003.403412, -15.979127, 22.859876, 8.239256, -1281.752730, -119.382463, -17.129647, 26.093916, 12.841311, 0.005513, 29.082498, 46.619074, 22.942132, 0.005513, -28.550810, 40.840492, 14.71682
1719260499.995855, 1719260499.994972, 50.110783, 14.256152, 1164.698163, 1311.000000, 101.000000, 64.949022, -128.000000, 3972452.674333, 1009328.520379, 4871007.485386, -15.178562, 24.544623, 7.243880, -1266.239806, -113.021063, -17.126438, 27.529267, 11.288954, 0.005693, 29.754009, 48.073448, 19.713526, 0.005693, -26.508461, 42.860790, 12.64648
1719260500.993511, 1719260500.992155, 50.110877, 14.256450, 1164.698163, 1311.000000, 101.000000, 64.949022, -128.000000, 3972439.620766, 1009347.155444, 4871014.224093, -13.090439, 18.687703, 6.757741, -1244.961590, -102.518256, -17.122081, 21.338319, 10.532474, 0.004370, 23.796152, 46.591808, 22.997454, 0.004370, -28.585935, 40.803421, 14.75142
1719260501.492938, 1719260501.492055, 50.110920, 14.256586, 1164.698163, 1311.000000, 101.000000, 64.949022, -128.000000, 3972433.674358, 1009355.701250, 4871017.282105, -11.895204, 17.095043, 6.117252, -1235.213480, -97.752088, -17.120114, 19.500134, 9.534250, 0.003933, 21.706154, 46.677846, 22.822317, 0.003933, -28.477186, 40.919867, 14.63877
1719260501.996770, 1719260501.993592, 50.110966, 14.256730, 1164.698163, 1311.000000, 101.000000, 64.949022, -128.000000, 3972427.340986, 1009364.761488, 4871020.547671, -12.627916, 18.064933, 6.511114, -1224.871411, -92.662390, -17.118048, 20.620737, 10.148195, 0.004120, 22.982616, 46.618771, 22.942748, 0.004120, -28.552059, 40.839861, 14.71615
1719260502.524059, 1719260502.522955, 50.111000, 14.256839, 1164.698163, 1311.000000, 101.000000, 64.949022, -128.000000, 3972422.590943, 1009371.556649, 4871022.996844, -8.973128, 12.836483, 4.626640, -1217.114872, -88.845103, -17.116512, 14.652586, 7.211093, 0.002902, 16.330895, 46.618724, 22.942843, 0.002902, -28.552875, 40.839606, 14.71528
1719260503.034311, 1719260503.031545, 50.111034, 14.256965, 1164.698163, 1311.000000, 101.000000, 64.949022, -128.000000, 3972417.522554, 1009379.604595, 4871025.446016, -9.965569, 15.824034, 4.815610, -1208.065735, -85.028097, -17.114743, 17.792599, 7.505075, 0.003478, 19.310689, 47.873779, 20.193582, 0.003478, -26.817582, 42.576118, 12.95264
1719260503.569427, 1719260503.566590, 50.111063, 14.257062, 1164.698163, 1311.000000, 101.000000, 64.949022, -128.000000, 3972413.428247, 1009385.701261, 4871027.507746, -7.652269, 11.394681, 3.853378, -1201.147804, -81.814742, -17.113397, 12.929627, 6.005767, 0.002516, 14.256384, 47.122976, 21.888458, 0.002516, -27.893391, 41.527700, 14.03881
1719260504.084707, 1719260504.083901, 50.111098, 14.257173, 1164.698163, 1311.000000, 101.000000, 64.949022, -128.000000, 3972408.578405, 1009392.687303, 4871029.998425, -9.375097, 13.504528, 4.814664, -1193.181671, -77.932737, -17.111856, 15.399114, 7.504197, 0.002979, 17.130257, 46.707645, 22.761269, 0.002979, -28.439731, 40.960144, 14.59889
1719260504.683734, 1719260504.682760, 50.111121, 14.257266, 1164.698163, 1311.000000, 101.000000, 64.949022, -128.000000, 3972405.018227, 1009398.631309, 4871031.658877, -5.944938, 9.925560, 2.772694, -1186.543379, -75.345023, -17.110589, 11.084906, 4.321078, 0.002116, 11.897347, 48.410326, 18.871137, 0.002116, -25.967336, 43.346068, 12.10352
1719260505.124155, 1719260505.123305, 50.111149, 14.257363, 1164.698163, 1311.000000, 101.000000, 64.949022, -128.000000, 3972401.052253, 1009404.760559, 4871033.609907, -9.002427, 13.912877, 4.428673, -1179.625512, -72.304253, -17.109273, 15.702973, 6.902290, 0.002987, 17.152987, 47.566174, 20.907858, 0.002987, -27.273189, 42.142803, 13.41032
1719260505.723622, 1719260505.722695, 50.111172, 14.257453, 1164.698163, 1311.000000, 101.000000, 64.949022, -128.000000, 3972397.567166, 1009410.543405, 4871035.242683, -5.814388, 9.647885, 2.724063, -1173.161920, -69.759636, -17.108055, 10.783616, 4.245344, 0.002032, 11.589189, 48.346768, 19.033379, 0.002032, -26.072362, 43.253766, 12.20750
1719260506.151948, 1719260506.150508, 50.111180, 14.257526, 1164.698163, 1311.000000, 101.000000, 64.949022, -128.000000, 3972395.627321, 1009415.421263, 4871035.810003, -4.534323, 11.401832, 1.326092, -1167.956368, -68.876136, -17.107092, 12.167807, 2.065153, 0.002251, 12.341814, 51.225877, 8.694193, 0.002251, -19.093773, 48.000018, 5.57724
1719260506.642074, 1719260506.641240, 50.111195, 14.257580, 1164.698163, 1311.000000, 101.000000, 64.949022, -128.000000, 3972393.445382, 1009418.831825, 4871036.875458, -4.446300, 6.949955, 2.171157, -1164.113124, -67.215575, -17.106373, 7.831664, 3.383847, 0.001465, 8.531435, 47.696671, 20.608422, 0.001465, -27.083645, 42.325679, 13.21713
1719260507.048111, 1719260507.047156, 50.111215, 14.257656, 1164.698163, 1311.000000, 101.000000, 64.949022, -128.000000, 3972390.450472, 1009423.693895, 4871038.300676, -7.378151, 11.978022, 3.511117, -1158.662738, -64.994370, -17.105360, 13.427374, 5.472083, 0.002497, 14.499588, 48.116221, 19.608895, 0.002497, -26.443189, 42.921532, 12.57693
1719260507.644587, 1719260507.643844, 50.111217, 14.257724, 1164.698163, 1311.000000, 101.000000, 64.949022, -128.000000, 3972389.005232, 1009428.373021, 4871038.508233, -2.422103, 7.841826, 0.347847, -1153.771731, -64.671779, -17.104471, 8.196921, 0.540635, 0.001488, 8.214731, 51.845793, 3.419533, 0.001488, -15.324804, 49.598548, 2.19406
1719260508.084390, 1719260508.082816, 50.111238, 14.257804, 1164.698163, 1311.000000, 101.000000, 64.949022, -128.000000, 3972385.909387, 1009433.497799, 4871039.961124, -7.052497, 11.674513, 3.309763, -1148.041862, -62.407469, -17.103417, 13.052942, 5.158215, 0.002402, 14.035187, 48.322156, 19.095778, 0.002402, -26.112464, 43.218167, 12.24780
1719260508.543229, 1719260508.542395, 50.111238, 14.257860, 1164.698163, 1311.000000, 101.000000, 64.949022, -128.000000, 3972384.928525, 1009437.357742, 4871039.961124, -2.134262, 8.398862, 0.000000, -1144.059243, -62.408324, -17.102703, 8.665792, -0.001859, 0.001554, 8.665793, 51.958439, -0.011148, 0.001554, -12.801450, 50.356751, -0.00595
1719260509.025656, 1719260509.024677, 50.111252, 14.257923, 1164.698163, 1311.000000, 101.000000, 64.949022, -128.000000, 3972382.663316, 1009441.431997, 4871040.957393, -4.696857, 8.447869, 2.065738, -1139.552265, -60.855771, -17.101883, 9.345111, 3.219181, 0.001701, 9.884039, 49.125403, 16.922596, 0.001701, -24.694947, 44.407633, 10.85362
1719260509.610189, 1719260509.606971, 50.111263, 14.258013, 1164.698163, 1311.000000, 101.000000, 64.949022, -128.000000, 3972380.124862, 1009447.455364, 4871041.773779, -4.359404, 10.344207, 1.402018, -1133.088976, -59.584126, -17.100721, 11.099705, 2.183855, 0.001994, 11.312501, 50.981067, 10.030470, 0.001994, -20.027241, 47.509924, 6.43398
1719260510.032352, 1719260510.031370, 50.111263, 14.258067, 1164.698163, 1311.000000, 101.000000, 64.949022, -128.000000, 3972379.169799, 1009451.213724, 4871041.773779, -2.250389, 8.855720, 0.000000, -1129.211166, -59.584947, -17.100035, 9.137178, -0.001935, 0.001617, 9.137178, 51.958439, -0.011003, 0.001617, -12.801518, 50.356733, -0.00581
1719260510.506976, 1719260510.505357, 50.111263, 14.258140, 1164.698163, 1311.000000, 101.000000, 64.949022, -128.000000, 3972377.896376, 1009456.224869, 4871041.773779, -2.686620, 10.572324, 0.000000, -1124.040752, -59.586038, -17.099124, 10.908343, -0.002301, 0.001923, 10.908343, 51.958439, -0.010959, 0.001923, -12.801361, 50.356773, -0.00555
1719260511.074269, 1719260511.071519, 50.111273, 14.258231, 1164.698163, 1311.000000, 101.000000, 64.949022, -128.000000, 3972375.501147, 1009462.356718, 4871042.451795, -4.230638, 10.830545, 1.197563, -1117.507643, -58.530155, -17.097968, 11.539281, 1.864982, 0.002041, 11.689019, 51.292845, 8.289966, 0.002041, -18.809828, 48.141358, 5.31785
1719260511.586387, 1719260511.584348, 50.111275, 14.258284, 1164.698163, 1311.000000, 101.000000, 64.949022, -128.000000, 3972374.402822, 1009466.006580, 4871042.590165, -2.141699, 7.117119, 0.269818, -1113.699659, -58.315184, -17.097302, 7.425452, 0.419186, 0.001300, 7.437275, 51.875844, 2.928529, 0.001300, -14.967215, 49.720531, 1.87903
1719260511.995620, 1719260511.994844, 50.111273, 14.258361, 1164.698163, 1311.000000, 101.000000, 64.949022, -128.000000, 3972373.212397, 1009471.363226, 4871042.451795, -2.899967, 13.049196, -0.337081, -1108.214874, -58.532091, -17.096350, 13.361352, -0.528402, 0.002318, 13.371797, 51.917857, -2.053196, 0.002318, -11.272483, 50.703862, -1.31491
1719260512.428867, 1719260512.427419, 50.111275, 14.258429, 1164.698163, 1311.000000, 101.000000, 64.949022, -128.000000, 3972371.855932, 1009476.028856, 4871042.590165, -3.135789, 10.785709, 0.319876, -1103.358834, -58.317330, -17.095508, 11.225886, 0.496471, 0.001947, 11.236859, 51.907702, 2.295644, 0.001947, -14.504049, 49.871238, 1.47367
1719260512.904742, 1719260512.902223, 50.111275, 14.258501, 1164.698163, 1311.000000, 101.000000, 64.949022, -128.000000, 3972370.582478, 1009481.039992, 4871042.590165, -2.682064, 10.554116, 0.000000, -1098.188421, -58.318395, -17.094618, 10.889574, -0.002244, 0.001876, 10.889575, 51.958439, -0.010707, 0.001876, -12.801577, 50.356718, -0.00542
1719260513.417889, 1719260513.415657, 50.111275, 14.258573, 1164.698163, 1311.000000, 101.000000, 64.949022, -128.000000, 3972369.309017, 1009486.051126, 4871042.590165, -2.480284, 9.760046, 0.000000, -1093.018009, -58.319456, -17.093731, 10.070268, -0.002065, 0.001726, 10.070268, 51.958439, -0.010657, 0.001726, -12.801708, 50.356685, -0.00551
1719260513.982074, 1719260513.971606, 50.111273, 14.258658, 1164.698163, 1311.000000, 101.000000, 64.949022, -128.000000, 3972367.980892, 1009491.949510, 4871042.451795, -2.388931, 10.609569, -0.248890, -1086.974260, -58.536455, -17.092702, 10.871041, -0.390322, 0.001850, 10.878046, 51.924981, -1.864354, 0.001850, -11.414954, 50.674967, -1.19417
1719260514.547086, 1719260514.544785, 50.111275, 14.258736, 1164.698163, 1311.000000, 101.000000, 64.949022, -128.000000, 3972366.443707, 1009497.326173, 4871042.590165, -2.681862, 9.380436, 0.241409, -1081.384580, -58.321824, -17.091752, 9.752078, 0.374459, 0.001658, 9.759264, 51.920179, 1.993623, 0.001658, -14.282718, 49.940421, 1.27976
1719260515.008258, 1719260515.002491, 50.111263, 14.258808, 1164.698163, 1311.000000, 101.000000, 64.949022, -128.000000, 3972366.116911, 1009502.577884, 4871041.773779, -0.713985, 11.473961, -1.783644, -1076.214424, -59.595888, -17.090891, 11.295779, -2.783581, 0.001881, 11.633698, 50.449222, -12.432033, 0.001881, -3.192851, 51.243990, -7.97111
1719260515.902608, 1719260515.901929, 50.111252, 14.258935, 1164.698163, 1311.000000, 101.000000, 64.949022, -128.000000, 3972364.834988, 1009511.587942, 4871040.957393, -1.425250, 10.017438, -0.907663, -1067.166454, -60.870723, -17.089386, 10.059588, -1.417370, 0.001673, 10.158949, 51.450253, -7.249206, 0.001673, -7.293790, 51.233585, -4.64757
1719260516.952941, 1719260516.951406, 50.111238, 14.259085, 1164.698163, 1311.000000, 101.000000, 64.949022, -128.000000, 3972363.348606, 1009522.276241, 4871039.961124, -1.416307, 10.184401, -0.949300, -1056.441644, -62.426371, -17.087619, 10.219192, -1.482307, 0.001683, 10.326138, 51.420317, -7.458585, 0.001683, -7.130707, 51.244186, -4.78183
1719260517.481453, 1719260517.480392, 50.111238, 14.259159, 1164.698163, 1311.000000, 101.000000, 64.949022, -128.000000, 3972362.040674, 1009527.422802, 4871039.961124, -2.472531, 9.729120, 0.000000, -1051.131486, -62.427419, -17.086744, 10.038385, -0.001980, 0.001655, 10.038385, 51.958439, -0.010250, 0.001655, -12.802054, 50.356597, -0.00530
1719260518.460517, 1719260518.459074, 50.111226, 14.259326, 1164.698163, 1311.000000, 101.000000, 64.949022, -128.000000, 3972360.060531, 1009539.247226, 4871039.130901, -2.023273, 12.081976, -0.848307, -1039.183884, -63.724353, -17.084803, 12.207837, -1.325183, 0.001983, 12.279552, 51.654993, -5.607245, 0.001983, -8.565055, 51.121423, -3.59435
1719260518.977207, 1719260518.975732, 50.111215, 14.259400, 1164.698163, 1311.000000, 101.000000, 64.949022, -128.000000, 3972359.715304, 1009544.638453, 4871038.300676, -0.668192, 10.434825, -1.606915, -1033.873975, -65.019980, -17.083955, 10.277432, -2.507712, 0.001641, 10.578952, 50.477527, -12.316606, 0.001641, -3.285811, 51.249546, -7.89727
1719260519.966966, 1719260519.965763, 50.111203, 14.259549, 1164.698163, 1311.000000, 101.000000, 64.949022, -128.000000, 3972358.062103, 1009555.176236, 4871037.470452, -1.669848, 10.643887, -0.838584, -1023.253903, -66.316622, -17.082259, 10.727005, -1.309697, 0.001713, 10.806662, 51.575449, -6.297026, 0.001713, -8.032683, 51.174787, -4.03691
1719260520.494601, 1719260520.493498, 50.111191, 14.259623, 1164.698163, 1311.000000, 101.000000, 64.949022, -128.000000, 3972357.716854, 1009560.567463, 4871036.640228, -0.654208, 10.215795, -1.573186, -1017.943988, -67.612233, -17.081425, 10.061716, -2.455044, 0.001581, 10.356899, 50.477565, -12.316450, 0.001581, -3.285974, 51.249544, -7.89722
1719260520.992599, 1719260520.990656, 50.111191, 14.259697, 1164.698163, 1311.000000, 101.000000, 64.949022, -128.000000, 3972356.408873, 1009565.714017, 4871036.640228, -2.630916, 10.351942, 0.000000, -1012.633825, -67.613242, -17.080581, 10.681030, -0.002030, 0.001697, 10.681030, 51.958439, -0.009876, 0.001697, -12.802307, 50.356533, -0.00503
1719260521.554275, 1719260521.553575, 50.111180, 14.259790, 1164.698163, 1311.000000, 101.000000, 64.949022, -128.000000, 3972355.736612, 1009572.391883, 4871035.810003, -1.194240, 11.862917, -1.474855, -1005.996366, -68.909093, -17.079547, 11.791137, -2.302018, 0.001837, 12.013751, 50.995656, -9.956032, 0.001837, -5.168782, 51.305132, -6.38331
1719260522.060795, 1719260522.056186, 50.111180, 14.259864, 1164.698163, 1311.000000, 101.000000, 64.949022, -128.000000, 3972354.428615, 1009577.538434, 4871035.810003, -2.602406, 10.239637, 0.000000, -1000.686202, -68.910090, -17.078713, 10.565163, -0.001984, 0.001659, 10.565164, 51.958439, -0.009760, 0.001659, -12.802417, 50.356505, -0.00498
1719260522.525904, 1719260522.522089, 50.111172, 14.259929, 1164.698163, 1311.000000, 101.000000, 64.949022, -128.000000, 3972353.950579, 1009582.175002, 4871035.242683, -1.026042, 9.951799, -1.217680, -996.074909, -69.795593, -17.078002, 9.897549, -1.900618, 0.001525, 10.078384, 51.026157, -9.798512, 0.001525, -5.293630, 51.304841, -6.28253
1719260523.055476, 1719260523.054010, 50.111168, 14.260013, 1164.698163, 1311.000000, 101.000000, 64.949022, -128.000000, 3972352.775325, 1009588.076210, 4871034.979778, -2.209451, 11.094136, -0.494255, -990.066114, -70.206666, -17.077073, 11.296396, -0.772807, 0.001747, 11.322800, 51.837278, -3.546284, 0.001747, -10.142696, 50.908146, -2.27286
1719260523.641686, 1719260523.640787, 50.111160, 14.260109, 1164.698163, 1311.000000, 101.000000, 64.949022, -128.000000, 3972351.713275, 1009594.943386, 4871034.426295, -1.809973, 11.703217, -0.943261, -983.149084, -71.071008, -17.076015, 11.788181, -1.473034, 0.001803, 11.879858, 51.557474, -6.442547, 0.001803, -7.919985, 51.184910, -4.13016
1719260524.034047, 1719260524.031814, 50.111149, 14.260164, 1164.698163, 1311.000000, 101.000000, 64.949022, -128.000000, 3972351.704751, 1009598.942323, 4871033.609907, -0.021800, 10.226743, -2.087802, -979.271498, -72.344740, -17.075434, 9.916402, -3.257399, 0.001486, 10.437704, 49.363419, -16.215190, 0.001486, -0.112193, 50.907351, -10.39752
1719260524.579272, 1719260524.576736, 50.111145, 14.260254, 1164.698163, 1311.000000, 101.000000, 64.949022, -128.000000, 3972350.449691, 1009605.291851, 4871033.319328, -2.303191, 11.652174, -0.533248, -972.808548, -72.799030, -17.074452, 11.860319, -0.833678, 0.001802, 11.889583, 51.830554, -3.643242, 0.001802, -10.068905, 50.919981, -2.33499
1719260524.982724, 1719260524.981842, 50.111133, 14.260328, 1164.698163, 1311.000000, 101.000000, 64.949022, -128.000000, 3972350.104374, 1009610.683080, 4871032.489103, -0.852413, 13.308216, -2.049406, -967.498615, -74.094591, -17.073661, 13.107537, -3.198084, 0.001953, 13.492045, 50.477685, -12.315959, 0.001953, -3.286137, 51.249626, -7.89662
1719260525.420242, 1719260525.417687, 50.111137, 14.260398, 1164.698163, 1311.000000, 101.000000, 64.949022, -128.000000, 3972348.512174, 1009615.469035, 4871032.793519, -3.653129, 10.980849, 0.698449, -962.467842, -73.620814, -17.072896, 11.542555, 1.087029, 0.001755, 11.593628, 51.729550, 4.871668, 0.001755, -16.375799, 49.211217, 3.12550
1719260525.991964, 1719260525.990649, 50.111121, 14.260477, 1164.698163, 1311.000000, 101.000000, 64.949022, -128.000000, 3972348.450996, 1009621.220853, 4871031.658877, -0.106775, 10.038755, -1.980311, -956.878508, -75.391101, -17.072078, 9.755169, -3.089713, 0.001429, 10.232773, 49.533332, -15.688483, 0.001429, -0.545786, 50.972366, -10.05979
1719260526.549466, 1719260526.548378, 50.111121, 14.260569, 1164.698163, 1311.000000, 101.000000, 64.949022, -128.000000, 3972346.815919, 1009627.654030, 4871031.658877, -2.931665, 11.534577, 0.000000, -950.240795, -75.392286, -17.071087, 11.901308, -0.002125, 0.001776, 11.901308, 51.958439, -0.009275, 0.001776, -12.802704, 50.356432, -0.00458
1719260526.963801, 1719260526.962621, 50.111110, 14.260644, 1164.698163, 1311.000000, 101.000000, 64.949022, -128.000000, 3972346.470572, 1009633.045260, 4871030.828651, -0.833684, 13.014663, -2.004201, -944.930854, -76.687824, -17.070315, 12.818430, -3.127487, 0.001863, 13.194442, 50.477738, -12.315740, 0.001863, -3.286369, 51.249622, -7.89655
1719260527.452632, 1719260527.451677, 50.111110, 14.260699, 1164.698163, 1311.000000, 101.000000, 64.949022, -128.000000, 3972345.489516, 1009636.905164, 4871030.828651, -2.006020, 7.892559, 0.000000, -940.948225, -76.688527, -17.069728, 8.143501, -0.001438, 0.001201, 8.143501, 51.958439, -0.009172, 0.001201, -12.803138, 50.356322, -0.00496
1719260527.907647, 1719260527.899827, 50.111103, 14.260778, 1164.698163, 1311.000000, 101.000000, 64.949022, -128.000000, 3972344.665570, 1009642.499168, 4871030.344353, -1.838552, 12.482453, -1.080663, -935.323767, -77.444696, -17.068911, 12.550406, -1.687315, 0.001822, 12.663322, 51.495139, -6.923163, 0.001822, -7.547213, 51.215427, -4.43836
1719260529.013634, 1719260529.010925, 50.111092, 14.260922, 1164.698163, 1311.000000, 101.000000, 64.949022, -128.000000, 3972343.064909, 1009652.761987, 4871029.527964, -1.440611, 9.236641, -0.734758, -924.983125, -78.719517, -17.067422, 9.306683, -1.147352, 0.001340, 9.377141, 51.568037, -6.357439, 0.001340, -7.986164, 51.178974, -4.07594
1719260529.468670, 1719260529.467873, 50.111087, 14.260996, 1164.698163, 1311.000000, 101.000000, 64.949022, -128.000000, 3972342.182592, 1009657.980697, 4871029.168199, -1.930892, 11.420803, -0.787321, -919.707983, -79.281420, -17.066668, 11.544299, -1.229687, 0.001651, 11.609606, 51.666157, -5.503426, 0.001651, -8.645215, 51.112550, -3.52803
1719260530.044299, 1719260530.043490, 50.111075, 14.261070, 1164.698163, 1311.000000, 101.000000, 64.949022, -128.000000, 3972341.837203, 1009663.371928, 4871028.337973, -0.600033, 9.366006, -1.442325, -914.398031, -80.576928, -17.065922, 9.224804, -2.250643, 0.001295, 9.495389, 50.477811, -12.315443, 0.001295, -3.286961, 51.249546, -7.89679
1719260530.621219, 1719260530.620433, 50.111069, 14.261139, 1164.698163, 1311.000000, 101.000000, 64.949022, -128.000000, 3972341.137204, 1009668.276521, 4871027.895185, -1.213289, 8.501001, -0.767472, -909.472262, -81.268221, -17.065228, 8.537706, -1.198199, 0.001203, 8.621375, 51.454193, -7.221186, 0.001203, -7.315889, 51.232028, -4.62996
1719260531.600663, 1719260531.599918, 50.111063, 14.261256, 1164.698163, 1311.000000, 101.000000, 64.949022, -128.000000, 3972339.529621, 1009676.482958, 4871027.507746, -1.641254, 8.378318, -0.395554, -901.122810, -81.873781, -17.064053, 8.524328, -0.618243, 0.001200, 8.546718, 51.822322, -3.758514, 0.001200, -9.981532, 50.933716, -2.40938
1719260531.971292, 1719260531.970630, 50.111052, 14.261312, 1164.698163, 1311.000000, 101.000000, 64.949022, -128.000000, 3972339.511240, 1009680.587557, 4871026.677519, -0.049583, 11.072203, -2.239546, -897.140395, -83.169048, -17.063510, 10.742611, -3.493998, 0.001466, 11.296535, 49.410664, -16.070650, 0.001466, -0.231335, 50.925790, -10.30484
1719260532.492981, 1719260532.492214, 50.111046, 14.261374, 1164.698163, 1311.000000, 101.000000, 64.949022, -128.000000, 3972338.891009, 1009685.043829, 4871026.262406, -1.189127, 8.543719, -0.795870, -892.668774, -83.817095, -17.062892, 8.573147, -1.242459, 0.001184, 8.662711, 51.421243, -7.452198, 0.001184, -7.135994, 51.243796, -4.77812
1719260533.010109, 1719260533.009214, 50.111046, 14.261447, 1164.698163, 1311.000000, 101.000000, 64.949022, -128.000000, 3972337.617291, 1009690.054923, 4871026.262406, -2.463672, 9.692639, 0.000000, -887.498337, -83.817957, -17.062172, 10.000847, -0.001666, 0.001393, 10.000847, 51.958439, -0.008658, 0.001393, -12.803402, 50.356255, -0.00448
1719260533.414260, 1719260533.411870, 50.111034, 14.261483, 1164.698163, 1311.000000, 101.000000, 64.949022, -128.000000, 3972337.927101, 1009692.801095, 4871025.446016, 0.769417, 6.820156, -2.027516, -884.913329, -85.091406, -17.061830, 6.419901, -3.162627, 0.000848, 7.156630, 46.609659, -22.961253, 0.000848, 5.582806, 49.514740, -14.72420
1719260533.991114, 1719260533.990328, 50.111034, 14.261555, 1164.698163, 1311.000000, 101.000000, 64.949022, -128.000000, 3972336.653373, 1009697.812188, 4871025.446016, -2.201936, 8.662842, 0.000000, -879.742890, -85.092260, -17.061116, 8.938308, -0.001476, 0.001234, 8.938308, 51.958439, -0.008582, 0.001234, -12.803556, 50.356215, -0.00455
1719260534.437623, 1719260534.432304, 50.111023, 14.261609, 1164.698163, 1311.000000, 101.000000, 64.949022, -128.000000, 3972336.644743, 1009701.811135, 4871024.629625, -0.019525, 9.047885, -1.847138, -875.865270, -86.365917, -17.060601, 8.773376, -2.881735, 0.001166, 9.234529, 49.363745, -16.214195, 0.001166, -0.113211, 50.907429, -10.39713
1719260534.922156, 1719260534.920981, 50.111023, 14.261663, 1164.698163, 1311.000000, 101.000000, 64.949022, -128.000000, 3972335.689440, 1009705.569453, 4871024.629625, -1.954877, 7.690799, 0.000000, -871.987440, -86.366551, -17.060071, 7.935360, -0.001298, 0.001085, 7.935360, 51.958439, -0.008501, 0.001085, -12.803710, 50.356176, -0.00461
1719260535.508870, 1719260535.506519, 50.111012, 14.261736, 1164.698163, 1311.000000, 101.000000, 64.949022, -128.000000, 3972335.362365, 1009710.821174, 4871023.813235, -0.558587, 8.969045, -1.394256, -866.817207, -87.640413, -17.059385, 8.829879, -2.175539, 0.001171, 9.093939, 50.449725, -12.429993, 0.001171, -3.194932, 51.243979, -7.97035
1719260535.929074, 1719260535.928334, 50.111012, 14.261790, 1164.698163, 1311.000000, 101.000000, 64.949022, -128.000000, 3972334.407053, 1009714.579491, 4871023.813235, -2.264771, 8.909888, 0.000000, -862.939376, -87.641041, -17.058860, 9.193220, -0.001488, 0.001244, 9.193220, 51.958439, -0.008413, 0.001244, -12.803676, 50.356185, -0.00444
1719260536.401220, 1719260536.400411, 50.111005, 14.261850, 1164.698163, 1311.000000, 101.000000, 64.949022, -128.000000, 3972333.877952, 1009718.878703, 4871023.356610, -1.120792, 9.107007, -0.967268, -858.642435, -88.353761, -17.058291, 9.102197, -1.509754, 0.001205, 9.226557, 51.258121, -8.502029, 0.001205, -6.315099, 51.284323, -5.45135
1719260536.931571, 1719260536.930471, 50.111000, 14.261916, 1164.698163, 1311.000000, 101.000000, 64.949022, -128.000000, 3972333.124646, 1009723.589528, 4871022.996844, -1.421173, 8.887346, -0.678726, -853.891308, -88.915515, -17.057662, 8.963379, -1.059793, 0.001186, 9.025814, 51.599022, -6.100853, 0.001186, -8.184699, 51.160436, -3.91151
1719260537.490770, 1719260537.489988, 50.110993, 14.261980, 1164.698163, 1311.000000, 101.000000, 64.949022, -128.000000, 3972332.551335, 1009728.129829, 4871022.526382, -1.024653, 8.114677, -0.840837, -849.349820, -89.649843, -17.057068, 8.116799, -1.312433, 0.001063, 8.222220, 51.292254, -8.293621, 0.001063, -6.478577, 51.277952, -5.31781
1719260538.391837, 1719260538.389732, 50.110982, 14.262091, 1164.698163, 1311.000000, 101.000000, 64.949022, -128.000000, 3972331.551747, 1009736.094324, 4871021.696154, -1.110969, 8.851959, -0.922738, -841.384747, -90.945701, -17.056032, 8.852601, -1.440251, 0.001151, 8.968995, 51.284157, -8.343544, 0.001151, -6.439402, 51.279563, -5.34976
1719260538.941774, 1719260538.940958, 50.110970, 14.262165, 1164.698163, 1311.000000, 101.000000, 64.949022, -128.000000, 3972331.206250, 1009741.485559, 4871020.865926, -0.626777, 9.780429, -1.506146, -836.074764, -92.241131, -17.055354, 9.633027, -2.350086, 0.001230, 9.915549, 50.477997, -12.314677, 0.001230, -3.287617, 51.249572, -7.89635
1719260539.530995, 1719260539.530194, 50.110966, 14.262242, 1164.698163, 1311.000000, 101.000000, 64.949022, -128.000000, 3972330.232647, 1009746.861321, 4871020.547671, -1.652315, 9.123278, -0.540114, -830.624912, -92.738243, -17.054651, 9.249017, -0.843656, 0.001194, 9.287415, 51.743624, -4.719833, 0.001194, -9.247287, 51.039311, -3.02587
